# Energy_GeV  sigma_cm2
1.00000000e-02 0.00000000e+00
1.04700000e-02 0.00000000e+00
1.09700000e-02 0.00000000e+00
1.14900000e-02 0.00000000e+00
1.20300000e-02 0.00000000e+00
1.26000000e-02 0.00000000e+00
1.32000000e-02 0.00000000e+00
1.38200000e-02 0.00000000e+00
1.44800000e-02 0.00000000e+00
1.51600000e-02 0.00000000e+00
1.58800000e-02 0.00000000e+00
1.66300000e-02 0.00000000e+00
1.74200000e-02 0.00000000e+00
1.82400000e-02 1.71872526e-16
1.91000000e-02 0.00000000e+00
2.00100000e-02 4.35607837e-16
2.09500000e-02 2.67781121e-15
2.19500000e-02 2.41996724e-15
2.29900000e-02 4.71255388e-15
2.40700000e-02 7.13954150e-15
2.52100000e-02 9.32333630e-15
2.64100000e-02 1.44188261e-14
2.76500000e-02 1.60561579e-14
2.89600000e-02 1.79945390e-14
3.03300000e-02 2.62556155e-14
3.17700000e-02 4.28291701e-14
3.32700000e-02 5.75777706e-14
3.48500000e-02 4.38358337e-14
3.60700000e-02 0.00000000e+00
3.65000000e-02 5.53843772e-14
3.79600000e-02 0.00000000e+00
3.82200000e-02 7.95301872e-14
3.82600000e-02 0.00000000e+00
4.00300000e-02 1.16766667e-13
4.19300000e-02 1.22740056e-13
4.39100000e-02 1.94430897e-13
4.59900000e-02 2.53084098e-13
4.81600000e-02 3.00290871e-13
5.04400000e-02 3.11989795e-13
5.28300000e-02 2.95751553e-13
5.53300000e-02 4.08420156e-13
5.79500000e-02 5.93621151e-13
6.06900000e-02 6.27385706e-13
6.21400000e-02 0.00000000e+00
6.35600000e-02 1.01545942e-12
6.59100000e-02 0.00000000e+00
6.65100000e-02 0.00000000e+00
6.65700000e-02 1.01925882e-12
6.97200000e-02 1.11621951e-12
7.30200000e-02 1.60203781e-12
7.64800000e-02 1.95447924e-12
8.01000000e-02 2.20882185e-12
8.38900000e-02 2.54616574e-12
8.78600000e-02 2.98798739e-12
8.82100000e-02 0.00000000e+00
9.20100000e-02 3.34266262e-12
9.38700000e-02 0.00000000e+00
9.47700000e-02 0.00000000e+00
9.63700000e-02 3.79978466e-12
1.00930000e-01 5.05577715e-12
1.05710000e-01 5.30609237e-12
1.10710000e-01 7.64472245e-12
1.14280000e-01 0.00000000e+00
1.15950000e-01 8.26357754e-12
1.21430000e-01 9.87918619e-12
1.21820000e-01 0.00000000e+00
1.23030000e-01 0.00000000e+00
1.27180000e-01 1.03804634e-11
1.33200000e-01 1.26423875e-11
1.39500000e-01 1.48007692e-11
1.40340000e-01 0.00000000e+00
1.45540000e-01 3.59575696e-44
1.46100000e-01 1.71137515e-11
1.49780000e-01 0.00000000e+00
1.50930000e-01 5.27571871e-29
1.51280000e-01 0.00000000e+00
1.53020000e-01 2.05518066e-11
1.55290000e-01 0.00000000e+00
1.56520000e-01 5.01570362e-24
1.56830000e-01 0.00000000e+00
1.60260000e-01 2.43369359e-11
1.60990000e-01 3.21781231e-21
1.62310000e-01 1.70937670e-21
1.62590000e-01 0.00000000e+00
1.66910000e-01 8.70957707e-18
1.67840000e-01 2.55253633e-11
1.68320000e-01 6.27134290e-20
1.68560000e-01 0.00000000e+00
1.73040000e-01 1.86805160e-17
1.74560000e-01 7.54730587e-19
1.74750000e-01 0.00000000e+00
1.75780000e-01 3.24060945e-11
1.79400000e-01 4.70652159e-17
1.81020000e-01 4.78157397e-18
1.81160000e-01 8.78072966e-18
1.84100000e-01 3.76678522e-11
1.86000000e-01 1.10431033e-16
1.87720000e-01 2.02009239e-17
1.87810000e-01 1.99825537e-17
1.92810000e-01 4.18328075e-11
1.92830000e-01 2.27524626e-16
1.94670000e-01 6.49168938e-17
1.94710000e-01 3.86497992e-17
1.99920000e-01 4.40801475e-16
2.01850000e-01 7.32225875e-17
2.01880000e-01 1.71817437e-16
2.01940000e-01 4.93699893e-11
2.07260000e-01 7.90617988e-16
2.09260000e-01 1.29197734e-16
2.09360000e-01 3.93993829e-16
2.11500000e-01 5.45231121e-11
2.14880000e-01 1.33293285e-15
2.16950000e-01 2.18422921e-16
2.17110000e-01 8.09889090e-16
2.21500000e-01 6.22969004e-11
2.22780000e-01 2.10570119e-15
2.24910000e-01 3.44857444e-16
2.25150000e-01 1.54021109e-15
2.30970000e-01 3.22390564e-15
2.31990000e-01 7.26585532e-11
2.33170000e-01 5.27710629e-16
2.33480000e-01 2.80455739e-15
2.39450000e-01 4.87796738e-15
2.41730000e-01 7.99875918e-16
2.42130000e-01 4.90826819e-15
2.42960000e-01 7.87545761e-11
2.48250000e-01 7.22356622e-15
2.50600000e-01 1.17527600e-15
2.51100000e-01 8.22191411e-15
2.54460000e-01 9.07943701e-11
2.57380000e-01 1.03613611e-14
2.59800000e-01 1.67271912e-15
2.60390000e-01 1.31051004e-14
2.66500000e-01 1.01755511e-10
2.66840000e-01 1.44871692e-14
2.69330000e-01 2.32042416e-15
2.70030000e-01 1.98687627e-14
2.76640000e-01 1.99617507e-14
2.79110000e-01 1.16154516e-10
2.79220000e-01 3.16723916e-15
2.80030000e-01 2.87897721e-14
2.86810000e-01 2.71138449e-14
2.89470000e-01 4.26236058e-15
2.90400000e-01 4.01290563e-14
2.92320000e-01 1.26555110e-10
2.97350000e-01 3.61491478e-14
3.00100000e-01 5.63466738e-15
3.01160000e-01 5.41495704e-14
3.06160000e-01 1.46627089e-10
3.08280000e-01 4.74113959e-14
3.11110000e-01 7.33269397e-15
3.12310000e-01 7.11423718e-14
3.19610000e-01 6.18138452e-14
3.20640000e-01 1.58825045e-10
3.22530000e-01 9.45474153e-15
3.23870000e-01 9.13836749e-14
3.31350000e-01 8.02241803e-14
3.34370000e-01 1.21065393e-14
3.35820000e-01 1.75231610e-10
3.35860000e-01 1.15065808e-13
3.43530000e-01 1.02532347e-13
3.46650000e-01 1.53348409e-14
3.48300000e-01 1.42315989e-13
3.51710000e-01 1.97897003e-10
3.56160000e-01 1.28630824e-13
3.59370000e-01 1.92048533e-14
3.61190000e-01 1.73225910e-13
3.68350000e-01 2.19744797e-10
3.69250000e-01 1.59771268e-13
3.72560000e-01 2.39878083e-14
3.74570000e-01 2.07856591e-13
3.82820000e-01 1.97647736e-13
3.85790000e-01 2.41685004e-10
3.86240000e-01 3.00626164e-14
3.88440000e-01 2.46239923e-13
3.96880000e-01 2.43014309e-13
4.00420000e-01 3.78691895e-14
4.02820000e-01 2.88446221e-13
4.04040000e-01 2.68655469e-10
4.11470000e-01 2.96144745e-13
4.15120000e-01 4.79325392e-14
4.17740000e-01 3.34592229e-13
4.23160000e-01 2.96827627e-10
4.26590000e-01 3.57977260e-13
4.30360000e-01 6.10051136e-14
4.33200000e-01 3.84844933e-13
4.42270000e-01 4.29709959e-13
4.43190000e-01 3.25970265e-10
4.46150000e-01 7.80695141e-14
4.49240000e-01 4.39412185e-13
4.58520000e-01 5.12640193e-13
4.62530000e-01 1.00376170e-13
4.64160000e-01 3.51979896e-10
4.65880000e-01 4.98491300e-13
4.75370000e-01 6.07995058e-13
4.79510000e-01 1.29525092e-13
4.83130000e-01 5.62251712e-13
4.86120000e-01 3.79322434e-10
4.92840000e-01 7.16807403e-13
4.97110000e-01 1.67449309e-13
5.01020000e-01 6.30827071e-13
5.09130000e-01 4.14170962e-10
5.10960000e-01 8.39832565e-13
5.15360000e-01 2.16451388e-13
5.19570000e-01 7.04295684e-13
5.29740000e-01 9.79204313e-13
5.33220000e-01 4.49737510e-10
5.34280000e-01 2.79470358e-13
5.38810000e-01 7.82703201e-13
5.49200000e-01 1.13860618e-12
5.53890000e-01 3.60199794e-13
5.58450000e-01 4.89092515e-10
5.58760000e-01 8.66000159e-13
5.69390000e-01 1.31924860e-12
5.74220000e-01 4.62771758e-13
5.79450000e-01 9.54088525e-13
5.84880000e-01 5.24902712e-10
5.90310000e-01 1.51875716e-12
5.95300000e-01 5.91748512e-13
6.00900000e-01 1.04678974e-12
6.12010000e-01 1.73695280e-12
6.12560000e-01 5.63166260e-10
6.17150000e-01 7.52743963e-13
6.23150000e-01 1.14382346e-12
6.34500000e-01 1.98082704e-12
6.39810000e-01 9.52627790e-13
6.41550000e-01 6.02595310e-10
6.46230000e-01 1.24482679e-12
6.57820000e-01 2.25724966e-12
6.63300000e-01 1.19938983e-12
6.70150000e-01 1.34938512e-12
6.71910000e-01 6.38934240e-10
6.81990000e-01 2.57010233e-12
6.87640000e-01 1.50181728e-12
6.94970000e-01 1.45710640e-12
7.03700000e-01 6.76419204e-10
7.07060000e-01 2.92341758e-12
7.12890000e-01 1.86923369e-12
7.20700000e-01 1.56767563e-12
7.33040000e-01 3.32465429e-12
7.37000000e-01 7.15284862e-10
7.39060000e-01 2.31252032e-12
7.47390000e-01 1.68078680e-12
7.59980000e-01 3.78365415e-12
7.66180000e-01 2.84368001e-12
7.71880000e-01 7.54303526e-10
7.75060000e-01 1.79621139e-12
7.87910000e-01 4.31801244e-12
7.94310000e-01 3.47534972e-12
8.03760000e-01 1.91384248e-12
8.08410000e-01 7.89290990e-10
8.16870000e-01 4.94978083e-12
8.23470000e-01 4.22240702e-12
8.33520000e-01 2.03363836e-12
8.46660000e-01 8.26265663e-10
8.46890000e-01 5.70483232e-12
8.53700000e-01 5.09996357e-12
8.64380000e-01 2.15565332e-12
8.78010000e-01 6.61294402e-12
8.85030000e-01 6.12472534e-12
8.86730000e-01 8.61096739e-10
8.96390000e-01 2.28001230e-12
9.10280000e-01 7.70660201e-12
9.17520000e-01 7.31321270e-12
9.28690000e-01 8.97673020e-10
9.29580000e-01 2.40694970e-12
9.43730000e-01 9.02383184e-12
9.51200000e-01 8.68424458e-12
9.64000000e-01 2.53669284e-12
9.72640000e-01 9.33293904e-10
9.78410000e-01 1.06126527e-11
9.86120000e-01 1.02570461e-11
9.99690000e-01 2.66942927e-12
1.01437000e+00 1.25317017e-11
1.01867000e+00 9.70181753e-10
1.02232000e+00 1.20525666e-11
1.03671000e+00 2.80536088e-12
1.05165000e+00 1.48519190e-11
1.05985000e+00 1.40904764e-11
1.06687000e+00 1.00296274e-09
1.07509000e+00 2.94476141e-12
1.09030000e+00 1.76561911e-11
1.09875000e+00 1.63904612e-11
1.11490000e+00 3.08782516e-12
1.11736000e+00 1.04096492e-09
1.13037000e+00 2.10273206e-11
1.13909000e+00 1.89727750e-11
1.15618000e+00 3.23518857e-12
1.17024000e+00 1.07557220e-09
1.17191000e+00 2.50473001e-11
1.18090000e+00 2.18627508e-11
1.19899000e+00 3.38947396e-12
1.21498000e+00 2.98090923e-11
1.22425000e+00 2.50803968e-11
1.22561000e+00 1.11121823e-09
1.24339000e+00 3.55364504e-12
1.25963000e+00 3.54210951e-11
1.26919000e+00 2.86422292e-11
1.28361000e+00 1.14356562e-09
1.28943000e+00 3.72830591e-12
1.30592000e+00 4.19974295e-11
1.31578000e+00 3.25706804e-11
1.33717000e+00 3.91329958e-12
1.34436000e+00 1.17838117e-09
1.35392000e+00 4.96525009e-11
1.36408000e+00 3.69012060e-11
1.38668000e+00 4.10909912e-12
1.40367000e+00 5.85082428e-11
1.40797000e+00 1.21297461e-09
1.41415000e+00 4.16751890e-11
1.43803000e+00 4.31584396e-12
1.45526000e+00 6.86703491e-11
1.46606000e+00 4.69400356e-11
1.47460000e+00 1.24829068e-09
1.49128000e+00 4.53379273e-12
1.50874000e+00 8.02598552e-11
1.51988000e+00 5.27486358e-11
1.54438000e+00 1.28076095e-09
1.54649000e+00 4.76309185e-12
1.56419000e+00 9.34054357e-11
1.57567000e+00 5.91604358e-11
1.60376000e+00 5.00360466e-12
1.61747000e+00 1.31036750e-09
1.62168000e+00 1.08229742e-10
1.63351000e+00 6.62282575e-11
1.66314000e+00 5.25466731e-12
1.68127000e+00 1.24795547e-10
1.69348000e+00 7.39694904e-11
1.69401000e+00 1.34084837e-09
1.72472000e+00 5.51619961e-12
1.74306000e+00 1.43140625e-10
1.75564000e+00 8.23973701e-11
1.77417000e+00 1.36820070e-09
1.78858000e+00 5.78744018e-12
1.80712000e+00 1.63345539e-10
1.82009000e+00 9.15438597e-11
1.85481000e+00 6.06828433e-12
1.85813000e+00 1.39472285e-09
1.87353000e+00 1.85493922e-10
1.88690000e+00 1.01450130e-10
1.92349000e+00 6.35835284e-12
1.94239000e+00 2.09633116e-10
1.94606000e+00 1.41891716e-09
1.95616000e+00 1.12130321e-10
1.99471000e+00 6.65681144e-12
2.01377000e+00 2.35802583e-10
2.02797000e+00 1.23584122e-10
2.03815000e+00 1.44323144e-09
2.06857000e+00 6.96380704e-12
2.08778000e+00 2.64035850e-10
2.10242000e+00 1.35825796e-10
2.13460000e+00 1.46456036e-09
2.14516000e+00 7.27914616e-12
2.16451000e+00 2.94373455e-10
2.17959000e+00 1.48877335e-10
2.22459000e+00 7.60274936e-12
2.23562000e+00 1.48423733e-09
2.24405000e+00 3.26857853e-10
2.25960000e+00 1.62747641e-10
2.30696000e+00 7.93456010e-12
2.32652000e+00 3.61516327e-10
2.34141000e+00 1.50228682e-09
2.34255000e+00 1.77442249e-10
2.39238000e+00 8.27456723e-12
2.41203000e+00 3.98375940e-10
2.42854000e+00 1.92969025e-10
2.45221000e+00 1.51958794e-09
2.48096000e+00 8.62291952e-12
2.50067000e+00 4.37466729e-10
2.51769000e+00 2.09334254e-10
2.56826000e+00 1.53604936e-09
2.57283000e+00 8.97883901e-12
2.59257000e+00 4.78801474e-10
2.61011000e+00 2.26548598e-10
2.66809000e+00 9.34306625e-12
2.68785000e+00 5.22399217e-10
2.68979000e+00 1.54818078e-09
2.70592000e+00 2.44624917e-10
2.76688000e+00 9.71503037e-12
2.78663000e+00 5.68291680e-10
2.80525000e+00 2.63576290e-10
2.81708000e+00 1.56971750e-09
2.86933000e+00 1.00949777e-11
2.88904000e+00 6.16531801e-10
2.90823000e+00 2.83420436e-10
2.95039000e+00 1.58063274e-09
2.97558000e+00 1.04825184e-11
2.99521000e+00 6.67160579e-10
3.01498000e+00 3.04174466e-10
3.08576000e+00 1.08785563e-11
3.09001000e+00 1.59227896e-09
3.10529000e+00 7.20185681e-10
3.12566000e+00 3.25843542e-10
3.20001000e+00 1.12819819e-11
3.21941000e+00 7.75625344e-10
3.23624000e+00 1.60113086e-09
3.24040000e+00 3.48440357e-10
3.31850000e+00 1.16927933e-11
3.33773000e+00 8.33511166e-10
3.35935000e+00 3.71985007e-10
3.38938000e+00 1.60999228e-09
3.44138000e+00 1.21122274e-11
3.46039000e+00 8.93894794e-10
3.48266000e+00 3.96501247e-10
3.54977000e+00 1.62656151e-09
3.56880000e+00 1.25388945e-11
3.58757000e+00 9.56842789e-10
3.61050000e+00 4.22017885e-10
3.70094000e+00 1.29722862e-11
3.71776000e+00 1.63217300e-09
3.71941000e+00 1.02244172e-09
3.74304000e+00 4.48563899e-10
3.83798000e+00 1.34140833e-11
3.85610000e+00 1.09072144e-09
3.88044000e+00 4.76160625e-10
3.89369000e+00 1.63747231e-09
3.98009000e+00 1.38629859e-11
3.99782000e+00 1.16170353e-09
4.02289000e+00 5.04820023e-10
4.07795000e+00 1.64148418e-09
4.12746000e+00 1.43197287e-11
4.14474000e+00 1.23542356e-09
4.17056000e+00 5.34563906e-10
4.27093000e+00 1.65192461e-09
4.28029000e+00 1.47836891e-11
4.29706000e+00 1.31190605e-09
4.32365000e+00 5.65410728e-10
4.43878000e+00 1.52549377e-11
4.45498000e+00 1.39121971e-09
4.47304000e+00 1.66020397e-09
4.48237000e+00 5.97387704e-10
4.60313000e+00 1.57327241e-11
4.61871000e+00 1.47344714e-09
4.64691000e+00 6.30531766e-10
4.68471000e+00 1.66482266e-09
4.77357000e+00 1.62181816e-11
4.78845000e+00 1.55863068e-09
4.81749000e+00 6.64870150e-10
4.90640000e+00 1.66904630e-09
4.95033000e+00 1.67101788e-11
4.96443000e+00 1.64678079e-09
4.99433000e+00 7.00431832e-10
5.13362000e+00 1.72090179e-11
5.13858000e+00 1.67456270e-09
5.14687000e+00 1.73817325e-09
5.17767000e+00 7.37310502e-10
5.32371000e+00 1.77148421e-11
5.33602000e+00 1.83330115e-09
5.36773000e+00 7.75667881e-10
5.38175000e+00 1.67915346e-09
5.52083000e+00 1.82270781e-11
5.53213000e+00 1.93238822e-09
5.56477000e+00 8.15596489e-10
5.63643000e+00 1.67855400e-09
5.72525000e+00 1.87460313e-11
5.73544000e+00 2.03534106e-09
5.76904000e+00 8.57113451e-10
5.90316000e+00 1.68485343e-09
5.93724000e+00 1.92711493e-11
5.94622000e+00 2.14214014e-09
5.98082000e+00 9.00229086e-10
6.15708000e+00 1.98024755e-11
6.16475000e+00 2.25291988e-09
6.18251000e+00 1.68921995e-09
6.20036000e+00 9.44965464e-10
6.38506000e+00 2.03396907e-11
6.39131000e+00 2.36781243e-09
6.42797000e+00 9.91348624e-10
6.47508000e+00 1.69362030e-09
6.62148000e+00 2.08825541e-11
6.62619000e+00 2.48691652e-09
6.66393000e+00 1.03944314e-09
6.78149000e+00 1.69271562e-09
6.86666000e+00 2.14318702e-11
6.86971000e+00 2.61033299e-09
6.90855000e+00 1.08931914e-09
7.10241000e+00 1.69549968e-09
7.12091000e+00 2.19856645e-11
7.12217000e+00 2.73821887e-09
7.16215000e+00 1.14105934e-09
7.38392000e+00 2.87073034e-09
7.38458000e+00 2.25461535e-11
7.42506000e+00 1.19472921e-09
7.43851000e+00 1.70174785e-09
7.65528000e+00 3.00807649e-09
7.65801000e+00 2.31106625e-11
7.69763000e+00 1.25032538e-09
7.79052000e+00 1.70103190e-09
7.93662000e+00 3.15042382e-09
7.94157000e+00 2.36815019e-11
7.98019000e+00 1.30787295e-09
8.15918000e+00 1.69970126e-09
8.22830000e+00 3.29781358e-09
8.23562000e+00 2.42561742e-11
8.27313000e+00 1.36755291e-09
8.53070000e+00 3.45029487e-09
8.54056000e+00 2.48363949e-11
8.54529000e+00 1.70275228e-09
8.57683000e+00 1.42957319e-09
8.84420000e+00 3.60821978e-09
8.85680000e+00 2.54213261e-11
8.89167000e+00 1.49394971e-09
8.94967000e+00 1.70787068e-09
9.16924000e+00 3.77199488e-09
9.18474000e+00 2.60109936e-11
9.21807000e+00 1.56063185e-09
9.37319000e+00 1.70894086e-09
9.50621000e+00 3.94174134e-09
9.52483000e+00 2.66042940e-11
9.55645000e+00 1.62968780e-09
9.81675000e+00 1.70866951e-09
9.85557000e+00 4.11742603e-09
9.87751000e+00 2.72010450e-11
9.90725000e+00 1.70124015e-09
1.02177700e+01 4.29928510e-09
1.02432400e+01 2.78028860e-11
1.02709300e+01 1.77540478e-09
1.02813000e+01 1.71521550e-09
1.05932800e+01 4.48770360e-09
1.06225200e+01 2.84080728e-11
1.06479600e+01 1.85229758e-09
1.07678400e+01 1.72546000e-09
1.09825900e+01 4.68292732e-09
1.10158500e+01 2.90177393e-11
1.10388300e+01 1.93202547e-09
1.12774000e+01 1.72343883e-09
1.13862100e+01 4.88509585e-09
1.14237300e+01 2.96284788e-11
1.14440500e+01 2.01468716e-09
1.18046700e+01 5.09440920e-09
1.18110700e+01 1.72889654e-09
1.18467200e+01 3.02449388e-11
1.18641400e+01 2.10035385e-09
1.22385000e+01 5.31114265e-09
1.22853700e+01 3.08648925e-11
1.22996500e+01 2.18906634e-09
1.23699900e+01 1.72902785e-09
1.26882700e+01 5.53560858e-09
1.27402700e+01 3.14868120e-11
1.27511500e+01 2.28096570e-09
1.29553700e+01 1.72927378e-09
1.31545700e+01 5.76817420e-09
1.32120000e+01 3.21120066e-11
1.32192300e+01 2.37632765e-09
1.35684500e+01 1.73279174e-09
1.36380100e+01 6.00915825e-09
1.37012100e+01 3.27401163e-11
1.37044800e+01 2.47533803e-09
1.41392200e+01 6.25878426e-09
1.42075500e+01 2.57798859e-09
1.42085300e+01 3.33709978e-11
1.42105400e+01 1.72224813e-09
1.46588500e+01 6.51729425e-09
1.47290900e+01 2.68431142e-09
1.47346300e+01 3.40038463e-11
1.48830100e+01 1.73218529e-09
1.51975700e+01 6.78498511e-09
1.52697700e+01 2.79446675e-09
1.52802100e+01 3.46382027e-11
1.55873100e+01 1.71942772e-09
1.57560900e+01 7.06216796e-09
1.58303000e+01 2.90863121e-09
1.58460000e+01 3.52762219e-11
1.63249300e+01 1.72239575e-09
1.63351400e+01 7.34918779e-09
1.64114100e+01 3.02697916e-09
1.64327300e+01 3.59162250e-11
1.69354700e+01 7.64642782e-09
1.70138400e+01 3.14968139e-09
1.70411900e+01 3.65586270e-11
1.70974700e+01 1.73572858e-09
1.75578600e+01 7.95434164e-09
1.76383900e+01 3.27685924e-09
1.76721800e+01 3.72010695e-11
1.79065600e+01 1.72495135e-09
1.82031300e+01 8.27336153e-09
1.82858700e+01 3.40864167e-09
1.83265300e+01 3.78460440e-11
1.87539300e+01 1.73458845e-09
1.88721100e+01 8.60371845e-09
1.89571200e+01 3.54522347e-09
1.90051200e+01 3.84942262e-11
1.95656700e+01 8.94565116e-09
1.96414100e+01 1.72472802e-09
1.96530000e+01 3.68682006e-09
1.97088200e+01 3.91423038e-11
2.02847200e+01 9.29988585e-09
2.03744300e+01 3.83358947e-09
2.04385900e+01 3.97927026e-11
2.05708900e+01 1.72908217e-09
2.10302000e+01 9.66727170e-09
2.11223400e+01 3.98568028e-09
2.11953700e+01 4.04445847e-11
2.15443500e+01 1.73465418e-09
2.18030800e+01 1.00477804e-08
2.18977100e+01 4.14329170e-09
2.19801800e+01 4.10962872e-11
2.25638700e+01 1.73131090e-09
2.26043600e+01 1.04409980e-08
2.27015400e+01 4.30665942e-09
2.27940500e+01 4.17513184e-11
2.34350800e+01 1.08477195e-08
2.35348800e+01 4.47601545e-09
2.36316500e+01 1.73838025e-09
2.36380500e+01 4.24070048e-11
2.42963400e+01 1.12695269e-08
2.43988100e+01 4.65159306e-09
2.45133000e+01 4.30634590e-11
2.47499500e+01 1.73861407e-09
2.51892500e+01 1.17069445e-08
2.52944500e+01 4.83358174e-09
2.54209600e+01 4.37199544e-11
2.59211700e+01 1.73689188e-09
2.61149700e+01 1.21595613e-08
2.62229600e+01 5.02213293e-09
2.63622300e+01 4.43795180e-11
2.70747200e+01 1.26278108e-08
2.71478200e+01 1.73869782e-09
2.71855700e+01 5.21747339e-09
2.73383500e+01 4.50373847e-11
2.80697400e+01 1.31131263e-08
2.81835100e+01 5.41993598e-09
2.83506100e+01 4.56954291e-11
2.84325100e+01 1.73293043e-09
2.91013200e+01 1.36162688e-08
2.92180800e+01 5.62981710e-09
2.94003600e+01 4.63546847e-11
2.97780000e+01 1.73594712e-09
3.01708200e+01 1.41369311e-08
3.02906300e+01 5.84735046e-09
3.04889800e+01 4.70155911e-11
3.11871700e+01 1.72439769e-09
3.12796200e+01 1.46753659e-08
3.14025500e+01 6.07277608e-09
3.16179000e+01 4.76764147e-11
3.24291700e+01 1.52330012e-08
3.25552800e+01 6.30634841e-09
3.26630100e+01 1.72659839e-09
3.27886200e+01 4.83378212e-11
3.36209600e+01 1.58110854e-08
3.37503400e+01 6.54834837e-09
3.40027000e+01 4.89996340e-11
3.42087000e+01 1.72466022e-09
3.48565600e+01 1.64099990e-08
3.49892600e+01 6.79913308e-09
3.52617200e+01 4.96615558e-11
3.58275300e+01 1.73102361e-09
3.61375600e+01 1.70301017e-08
3.62736600e+01 7.05905154e-09
3.65673700e+01 5.03235041e-11
3.74656400e+01 1.76720266e-08
3.75229700e+01 1.72776540e-09
3.76052000e+01 7.32839004e-09
3.79213600e+01 5.09855549e-11
3.88425400e+01 1.83365180e-08
3.89856300e+01 7.60744278e-09
3.92986400e+01 1.73568416e-09
3.93254800e+01 5.16487895e-11
4.02700300e+01 1.90245361e-08
4.04167300e+01 7.89661177e-09
4.07816000e+01 5.23094428e-11
4.11583400e+01 1.73184053e-09
4.17499800e+01 1.97370774e-08
4.19003600e+01 8.19632529e-09
4.22916300e+01 5.29739380e-11
4.31060400e+01 1.73517653e-09
4.32843300e+01 2.04749747e-08
4.34384600e+01 8.50695260e-09
4.38575800e+01 5.36356099e-11
4.48750600e+01 2.12390527e-08
4.50330200e+01 8.82885303e-09
4.51459200e+01 1.73923017e-09
4.54815000e+01 5.42998871e-11
4.65242500e+01 2.20302486e-08
4.66861100e+01 9.16239063e-09
4.71655600e+01 5.49598309e-11
4.72823200e+01 1.74201171e-09
4.82340500e+01 2.28495711e-08
4.83998800e+01 9.50794351e-09
4.89119700e+01 5.56223800e-11
4.95198300e+01 1.73973014e-09
5.00066900e+01 2.36979755e-08
5.01765600e+01 9.86598124e-09
5.07230500e+01 5.62831299e-11
5.18444700e+01 2.45764057e-08
5.18632200e+01 1.73867001e-09
5.20184600e+01 1.02370315e-08
5.26011800e+01 5.69457672e-11
5.37498000e+01 2.54858537e-08
5.39279700e+01 1.06215149e-08
5.43175000e+01 1.73568957e-09
5.45488600e+01 5.76085356e-11
5.57251400e+01 2.64273864e-08
5.59075800e+01 1.10197677e-08
5.65686600e+01 5.82703101e-11
5.68879200e+01 1.73586748e-09
5.77730800e+01 2.74021269e-08
5.79598600e+01 1.14322831e-08
5.86632400e+01 5.89298193e-11
5.95799900e+01 1.74439965e-09
5.98962900e+01 2.84112866e-08
6.00874800e+01 1.18597175e-08
6.08353800e+01 5.95911783e-11
6.20975200e+01 2.94562267e-08
6.22931900e+01 1.23026886e-08
6.23994400e+01 1.73849250e-09
6.30879500e+01 6.02509082e-11
6.43796500e+01 3.05384557e-08
6.45798700e+01 1.27617332e-08
6.53523300e+01 1.74549173e-09
6.54239200e+01 6.09118957e-11
6.67456500e+01 3.16592644e-08
6.69505000e+01 1.32373699e-08
6.78463900e+01 6.15721254e-11
6.84449400e+01 1.73235419e-09
6.91986000e+01 3.28195354e-08
6.94081400e+01 1.37300894e-08
7.03585600e+01 6.22299812e-11
7.16839100e+01 1.74164479e-09
7.17417100e+01 3.40203928e-08
7.19560000e+01 1.42404516e-08
7.29637500e+01 6.28885076e-11
7.43782700e+01 3.52635675e-08
7.45973900e+01 1.47691850e-08
7.50761500e+01 1.72972871e-09
7.56654000e+01 6.35462582e-11
7.71117200e+01 3.65507854e-08
7.73357400e+01 1.53169988e-08
7.84670800e+01 6.42054000e-11
7.86289200e+01 1.73542922e-09
7.99456400e+01 3.78834821e-08
8.01746200e+01 1.58844389e-08
8.13725000e+01 6.48615197e-11
8.23498200e+01 1.73219908e-09
8.28837000e+01 3.92630901e-08
8.31177000e+01 1.64721153e-08
8.43855000e+01 6.55188174e-11
8.59297400e+01 4.06910400e-08
8.61688100e+01 1.70809318e-08
8.62468000e+01 1.72975913e-09
8.75100700e+01 6.61740536e-11
8.90877200e+01 4.21689326e-08
8.93319300e+01 1.77118292e-08
9.03281900e+01 1.73478975e-09
9.07503300e+01 6.68268158e-11
9.23617600e+01 4.36989817e-08
9.26111700e+01 1.83654538e-08
9.41105600e+01 6.74824935e-11
9.46027200e+01 1.73514614e-09
9.57561300e+01 4.52835083e-08
9.60107700e+01 1.90423973e-08
9.75952200e+01 6.81368219e-11
9.90795300e+01 1.74349781e-09
9.92752400e+01 4.69239223e-08
9.95351700e+01 1.97434645e-08
1.01208910e+02 6.87891477e-11
1.02923680e+02 4.86213792e-08
1.03188950e+02 2.04695766e-08
1.03768190e+02 1.74643692e-09
1.04956400e+02 6.94426263e-11
1.06706200e+02 5.03780513e-08
1.06976850e+02 2.12217073e-08
1.08678740e+02 1.73517216e-09
1.08842650e+02 7.00955223e-11
1.10627730e+02 5.21966322e-08
1.10903800e+02 2.20008604e-08
1.12872790e+02 7.07479611e-11
1.13821660e+02 1.74482466e-09
1.14693390e+02 5.40792711e-08
1.14974900e+02 2.28078866e-08
1.17052170e+02 7.13964996e-11
1.18908460e+02 5.60278110e-08
1.19195440e+02 2.36435441e-08
1.19207950e+02 1.74030598e-09
1.21386290e+02 7.20478381e-11
1.23278430e+02 5.80444933e-08
1.23570920e+02 2.45089019e-08
1.24849140e+02 1.74687642e-09
1.25880890e+02 7.26980749e-11
1.27809010e+02 6.01319126e-08
1.28107010e+02 2.54053267e-08
1.30541920e+02 7.33465186e-11
1.30757280e+02 1.73851020e-09
1.32506080e+02 6.22925115e-08
1.32809610e+02 2.63339725e-08
1.35375530e+02 7.39951464e-11
1.36945000e+02 1.74467017e-09
1.37375780e+02 6.45285092e-08
1.37684840e+02 2.72957270e-08
1.40388120e+02 7.46426019e-11
1.42424450e+02 6.68423761e-08
1.42739030e+02 2.82915670e-08
1.43425540e+02 1.74838792e-09
1.45586310e+02 7.52876867e-11
1.47658650e+02 6.92369240e-08
1.47978750e+02 2.93226173e-08
1.50212760e+02 1.74597027e-09
1.50976970e+02 7.59344677e-11
1.53085220e+02 7.17149917e-08
1.53410810e+02 3.03901769e-08
1.56567230e+02 7.65798495e-11
1.57321160e+02 1.73854253e-09
1.58711220e+02 7.42794007e-08
1.59042280e+02 3.14958248e-08
1.62364490e+02 7.72248457e-11
1.64543970e+02 7.69330745e-08
1.64765950e+02 1.74462405e-09
1.64880460e+02 3.26410236e-08
1.68376410e+02 7.78666653e-11
1.70591090e+02 7.96790623e-08
1.70932960e+02 3.38267599e-08
1.72563040e+02 1.74187818e-09
1.74610930e+02 7.85077764e-11
1.76860440e+02 8.25205043e-08
1.77207640e+02 3.50541319e-08
1.80729110e+02 1.74164764e-09
1.81076290e+02 7.91488654e-11
1.83360200e+02 8.54605216e-08
1.83712650e+02 3.63248123e-08
1.87781060e+02 7.97892453e-11
1.89281620e+02 1.74816289e-09
1.90098820e+02 8.85023792e-08
1.90456440e+02 3.76405692e-08
1.94734080e+02 8.04306238e-11
1.97085100e+02 9.16496241e-08
1.97447790e+02 3.90028773e-08
1.98238840e+02 1.73499235e-09
2.01944550e+02 8.10698550e-11
2.04328120e+02 9.49059271e-08
2.04695780e+02 4.04131913e-08
2.07619950e+02 1.75079790e-09
2.09422000e+02 8.17083969e-11
2.11837340e+02 9.82747008e-08
2.12209840e+02 4.18731435e-08
2.17176330e+02 8.23447930e-11
2.17444990e+02 1.74378800e-09
2.19622520e+02 1.01759442e-07
2.19999720e+02 4.33844647e-08
2.25217780e+02 8.29839355e-11
2.27693810e+02 1.05364309e-07
2.27734970e+02 1.74217176e-09
2.28075560e+02 4.49488932e-08
2.33556980e+02 8.36174790e-11
2.36061730e+02 1.09093805e-07
2.36447850e+02 4.65682319e-08
2.38511890e+02 1.74981212e-09
2.42204960e+02 8.42521712e-11
2.44737180e+02 1.12952028e-07
2.45127470e+02 4.82445657e-08
2.49798810e+02 1.74688750e-09
2.51173150e+02 8.48867039e-11
2.53731450e+02 1.16942895e-07
2.54125700e+02 4.99801193e-08
2.60473400e+02 8.55193840e-11
2.61619840e+02 1.73831287e-09
2.63056280e+02 1.21070479e-07
2.63454250e+02 5.17761616e-08
2.70118020e+02 8.61524806e-11
2.72723790e+02 1.25339057e-07
2.73125230e+02 5.36333646e-08
2.74000280e+02 1.74521122e-09
2.80119760e+02 8.67829601e-11
2.82746600e+02 1.29753457e-07
2.83151220e+02 5.55562674e-08
2.86966580e+02 1.73653932e-09
2.90491830e+02 8.74138440e-11
2.93137750e+02 1.34319092e-07
2.93545250e+02 5.75530956e-08
3.00546480e+02 1.74480906e-09
3.01247950e+02 8.80448286e-11
3.03910780e+02 1.39041050e-07
3.04320830e+02 5.96186102e-08
3.12402340e+02 8.86745484e-11
3.14769010e+02 1.74353293e-09
3.15079730e+02 1.43923956e-07
3.15491960e+02 6.17298194e-08
3.23969750e+02 8.92989896e-11
3.26659150e+02 1.48972507e-07
3.27073160e+02 6.38914066e-08
3.29664580e+02 1.74911046e-09
3.35965460e+02 8.99237862e-11
3.38664120e+02 1.54191527e-07
3.39079490e+02 6.61576208e-08
3.45265040e+02 1.73304826e-09
3.48405350e+02 9.05487738e-11
3.51110280e+02 1.59586734e-07
3.51526550e+02 6.85559527e-08
3.61305850e+02 9.11702234e-11
3.61603760e+02 1.75244059e-09
3.64013850e+02 1.65165516e-07
3.64430530e+02 7.10404070e-08
3.74684020e+02 9.17983035e-11
3.77391640e+02 1.70934675e-07
3.77808190e+02 7.35735308e-08
3.78715650e+02 1.74921657e-09
3.88557550e+02 9.24209034e-11
3.91261060e+02 1.76898497e-07
3.91676920e+02 7.61778789e-08
3.96637320e+02 1.74770785e-09
4.02944780e+02 9.30392214e-11
4.05640200e+02 1.83061681e-07
4.06054760e+02 7.88807932e-08
4.15407080e+02 1.74927007e-09
4.17864720e+02 9.36572444e-11
4.20547790e+02 1.89431894e-07
4.20960370e+02 8.16824420e-08
4.33337120e+02 9.42783560e-11
4.35065070e+02 1.74728857e-09
4.36003240e+02 1.96017155e-07
4.36413160e+02 8.45781275e-08
4.49382410e+02 9.48938281e-11
4.52026680e+02 2.02823213e-07
4.52433180e+02 8.75712039e-08
4.55653320e+02 1.74321203e-09
4.66021810e+02 9.55122784e-11
4.68639010e+02 2.09855437e-07
4.69041280e+02 9.06672530e-08
4.77215850e+02 1.74113743e-09
4.83277330e+02 9.61280188e-11
4.85861840e+02 2.17120832e-07
4.86259030e+02 9.38696931e-08
4.99798770e+02 1.74795919e-09
5.01171770e+02 9.67413683e-11
5.03717630e+02 2.24627150e-07
5.04108820e+02 9.71811896e-08
5.19728800e+02 9.73537370e-11
5.22229640e+02 2.32382471e-07
5.22613850e+02 1.00605274e-07
5.23450360e+02 1.75358103e-09
5.38972940e+02 9.79661022e-11
5.41421970e+02 2.40395138e-07
5.41798160e+02 1.04145975e-07
5.48221200e+02 1.74246775e-09
5.58929640e+02 9.85778495e-11
5.61319640e+02 2.48672922e-07
5.61686710e+02 1.07807053e-07
5.74164250e+02 1.74339371e-09
5.79625280e+02 9.91879077e-11
5.81948560e+02 2.57223331e-07
5.82305320e+02 1.11592129e-07
6.01087220e+02 9.97945953e-11
6.01334980e+02 1.73432497e-09
6.03335600e+02 2.66054573e-07
6.03680820e+02 1.15505060e-07
6.23343850e+02 1.00401050e-10
6.25508640e+02 2.75175455e-07
6.25840970e+02 1.19549962e-07
6.29791490e+02 1.74881361e-09
6.46424570e+02 1.01004060e-10
6.48496560e+02 2.84594130e-07
6.48814590e+02 1.23731173e-07
6.59594630e+02 1.73892625e-09
6.70359910e+02 1.01610872e-10
6.72329300e+02 2.94318035e-07
6.72631540e+02 1.28053263e-07
6.90808110e+02 1.75056394e-09
6.95181510e+02 1.02215300e-10
6.97037910e+02 3.04356609e-07
6.97322760e+02 1.32520431e-07
7.20922190e+02 1.02812617e-10
7.22654580e+02 3.14722044e-07
7.22920360e+02 1.37136242e-07
7.23498690e+02 1.74428270e-09
7.47615970e+02 1.03411955e-10
7.49212680e+02 3.25423618e-07
7.49457610e+02 1.41904960e-07
7.57736260e+02 1.74260400e-09
7.75298150e+02 1.04003227e-10
7.76746810e+02 3.36464854e-07
7.76968990e+02 1.46832265e-07
7.93594030e+02 1.75010376e-09
8.04005330e+02 1.04605234e-10
8.05292840e+02 3.47853662e-07
8.05490280e+02 1.51923738e-07
8.31148670e+02 1.73677077e-09
8.33775450e+02 1.05196884e-10
8.34887960e+02 3.59609522e-07
8.35058540e+02 1.57184051e-07
8.64647890e+02 1.05791980e-10
8.65570720e+02 3.71749548e-07
8.65712200e+02 1.62617897e-07
8.70480480e+02 1.74488099e-09
8.96663440e+02 1.06382075e-10
8.97381100e+02 3.84276958e-07
8.97491100e+02 1.68230329e-07
9.11673560e+02 1.73996031e-09
9.29864450e+02 1.06970443e-10
9.30360530e+02 3.97194429e-07
9.30436560e+02 1.74026559e-07
9.54815980e+02 1.73882460e-09
9.64294790e+02 1.07558245e-10
9.64551990e+02 4.10514375e-07
9.64591400e+02 1.80011931e-07
1.00000000e+03 7.32313524e-10
