# Energy_GeV  sigma_cm2
1.00000000e-02 0.00000000e+00
1.04700000e-02 0.00000000e+00
1.09700000e-02 0.00000000e+00
1.14900000e-02 0.00000000e+00
1.20300000e-02 0.00000000e+00
1.26000000e-02 0.00000000e+00
1.32000000e-02 0.00000000e+00
1.38200000e-02 0.00000000e+00
1.44800000e-02 0.00000000e+00
1.51600000e-02 0.00000000e+00
1.58800000e-02 0.00000000e+00
1.66300000e-02 0.00000000e+00
1.74200000e-02 0.00000000e+00
1.82400000e-02 0.00000000e+00
1.91000000e-02 0.00000000e+00
2.00100000e-02 1.33879532e-19
2.09500000e-02 4.93715468e-17
2.19500000e-02 4.27968306e-18
2.29900000e-02 1.12991748e-17
2.40700000e-02 2.63413652e-16
2.52100000e-02 3.39020746e-16
2.64100000e-02 7.17837739e-16
2.76500000e-02 2.81577243e-15
2.89600000e-02 2.42031254e-15
3.03300000e-02 3.37083857e-15
3.17700000e-02 7.41242777e-15
3.32700000e-02 9.89144902e-15
3.48500000e-02 1.57529984e-14
3.60700000e-02 0.00000000e+00
3.65000000e-02 1.83356509e-14
3.79600000e-02 0.00000000e+00
3.82200000e-02 2.54428127e-14
3.82600000e-02 0.00000000e+00
4.00300000e-02 3.40420767e-14
4.19300000e-02 3.99055552e-14
4.39100000e-02 7.25764966e-14
4.59900000e-02 9.22868476e-14
4.81600000e-02 1.09568667e-13
5.04400000e-02 1.06731523e-13
5.28300000e-02 1.13329564e-13
5.53300000e-02 1.60512206e-13
5.79500000e-02 2.06089375e-13
6.06900000e-02 1.91942925e-13
6.21400000e-02 0.00000000e+00
6.35600000e-02 3.57911997e-13
6.59100000e-02 0.00000000e+00
6.65100000e-02 0.00000000e+00
6.65700000e-02 3.27654205e-13
6.97200000e-02 4.06366084e-13
7.30200000e-02 4.79138264e-13
7.64800000e-02 6.73160930e-13
8.01000000e-02 7.61962746e-13
8.38900000e-02 8.33317267e-13
8.78600000e-02 9.26155554e-13
8.82100000e-02 0.00000000e+00
9.20100000e-02 1.04432735e-12
9.38700000e-02 0.00000000e+00
9.47700000e-02 0.00000000e+00
9.63700000e-02 1.13913510e-12
1.00930000e-01 1.58365221e-12
1.05710000e-01 1.56408036e-12
1.10710000e-01 2.34466928e-12
1.14280000e-01 0.00000000e+00
1.15950000e-01 2.31504064e-12
1.21430000e-01 2.88302022e-12
1.21820000e-01 0.00000000e+00
1.23030000e-01 0.00000000e+00
1.27180000e-01 2.85411766e-12
1.33200000e-01 3.28014889e-12
1.39500000e-01 3.86358444e-12
1.40340000e-01 0.00000000e+00
1.45540000e-01 3.59575696e-44
1.46100000e-01 4.47348999e-12
1.49780000e-01 0.00000000e+00
1.50930000e-01 5.27571871e-29
1.51280000e-01 0.00000000e+00
1.53020000e-01 5.31266761e-12
1.55290000e-01 0.00000000e+00
1.56520000e-01 5.01570362e-24
1.56830000e-01 0.00000000e+00
1.60260000e-01 6.05308923e-12
1.60990000e-01 0.00000000e+00
1.62310000e-01 1.70937670e-21
1.62590000e-01 0.00000000e+00
1.66910000e-01 0.00000000e+00
1.67840000e-01 6.20207522e-12
1.68320000e-01 6.27134290e-20
1.68560000e-01 4.80406872e-22
1.73040000e-01 0.00000000e+00
1.74560000e-01 7.54730587e-19
1.74750000e-01 7.40096319e-18
1.75780000e-01 7.78954146e-12
1.79400000e-01 3.46819949e-21
1.81020000e-01 4.78157397e-18
1.81160000e-01 1.78990568e-17
1.84100000e-01 8.77358621e-12
1.86000000e-01 1.01759222e-17
1.87720000e-01 2.02009239e-17
1.87810000e-01 4.04093655e-17
1.92810000e-01 9.47805950e-12
1.92830000e-01 1.91683972e-17
1.94670000e-01 6.49168938e-17
1.94710000e-01 8.04998046e-17
1.99920000e-01 3.47544681e-17
2.01850000e-01 1.52124410e-16
2.01880000e-01 1.71817437e-16
2.01940000e-01 1.09240050e-11
2.07260000e-01 5.87319059e-17
2.09260000e-01 2.58473809e-16
2.09360000e-01 3.93993829e-16
2.11500000e-01 1.17990775e-11
2.14880000e-01 9.92891909e-17
2.16950000e-01 4.22086641e-16
2.17110000e-01 8.09889090e-16
2.21500000e-01 1.30471745e-11
2.22780000e-01 1.52980105e-16
2.24910000e-01 6.50804688e-16
2.25150000e-01 1.54021109e-15
2.30970000e-01 2.27168057e-16
2.31990000e-01 1.47507274e-11
2.33170000e-01 9.67850019e-16
2.33480000e-01 2.80455739e-15
2.39450000e-01 3.34164891e-16
2.41730000e-01 1.39969493e-15
2.42130000e-01 4.90826819e-15
2.42960000e-01 1.59492122e-11
2.48250000e-01 4.70130185e-16
2.50600000e-01 1.97472419e-15
2.51100000e-01 8.22191411e-15
2.54460000e-01 1.72472252e-11
2.57380000e-01 6.46311056e-16
2.59800000e-01 2.72250533e-15
2.60390000e-01 1.31051004e-14
2.66500000e-01 1.92495366e-11
2.66840000e-01 8.71211263e-16
2.69330000e-01 3.68067486e-15
2.70030000e-01 1.98687627e-14
2.76640000e-01 1.15490963e-15
2.79110000e-01 2.13372328e-11
2.79220000e-01 4.89277175e-15
2.80030000e-01 2.87897721e-14
2.86810000e-01 1.50838628e-15
2.89470000e-01 6.41135120e-15
2.90400000e-01 4.01290563e-14
2.92320000e-01 2.28218329e-11
2.97350000e-01 1.94527015e-15
3.00100000e-01 8.29700045e-15
3.01160000e-01 5.41495704e-14
3.06160000e-01 2.61667814e-11
3.08280000e-01 2.47912976e-15
3.11110000e-01 1.06061973e-14
3.12310000e-01 7.11423718e-14
3.19610000e-01 3.12211494e-15
3.20640000e-01 2.83578282e-11
3.22530000e-01 1.34151785e-14
3.23870000e-01 9.13836749e-14
3.31350000e-01 3.89649086e-15
3.34370000e-01 1.68084609e-14
3.35820000e-01 3.07828472e-11
3.35860000e-01 1.15065808e-13
3.43530000e-01 4.86538933e-15
3.46650000e-01 2.08715985e-14
3.48300000e-01 1.42315989e-13
3.51710000e-01 3.44368786e-11
3.56160000e-01 6.11164548e-15
3.59370000e-01 2.57078986e-14
3.61190000e-01 1.73225910e-13
3.68350000e-01 3.68870544e-11
3.69250000e-01 7.81508377e-15
3.72560000e-01 3.14267018e-14
3.74570000e-01 2.07856591e-13
3.82820000e-01 1.02107686e-14
3.85790000e-01 4.16141348e-11
3.86240000e-01 3.81563344e-14
3.88440000e-01 2.46239923e-13
3.96880000e-01 1.36123372e-14
4.00420000e-01 4.60496180e-14
4.02820000e-01 2.88446221e-13
4.04040000e-01 4.58727150e-11
4.11470000e-01 1.83984886e-14
4.15120000e-01 5.52747785e-14
4.17740000e-01 3.34592229e-13
4.23160000e-01 5.01766232e-11
4.26590000e-01 2.50404572e-14
4.30360000e-01 6.60133579e-14
4.33200000e-01 3.84844933e-13
4.42270000e-01 3.40906308e-14
4.43190000e-01 5.47175430e-11
4.46150000e-01 7.84754571e-14
4.49240000e-01 4.39412185e-13
4.58520000e-01 4.62253243e-14
4.62530000e-01 9.28935866e-14
4.64160000e-01 5.95035133e-11
4.65880000e-01 4.98491300e-13
4.75370000e-01 6.22328208e-14
4.79510000e-01 1.09572230e-13
4.83130000e-01 5.62251712e-13
4.86120000e-01 6.45396705e-11
4.92840000e-01 8.30135633e-14
4.97110000e-01 1.28866450e-13
5.01020000e-01 6.30827071e-13
5.09130000e-01 7.02182200e-11
5.10960000e-01 1.09578259e-13
5.15360000e-01 1.51187154e-13
5.19570000e-01 7.04295684e-13
5.29740000e-01 1.43169190e-13
5.33220000e-01 7.66016358e-11
5.34280000e-01 1.77109810e-13
5.38810000e-01 7.82703201e-13
5.49200000e-01 1.85261885e-13
5.53890000e-01 2.07402333e-13
5.58450000e-01 8.45077129e-11
5.58760000e-01 8.66000159e-13
5.69390000e-01 2.37430990e-13
5.74220000e-01 2.42768071e-13
5.79450000e-01 9.54088525e-13
5.84880000e-01 9.27256363e-11
5.90310000e-01 3.01535719e-13
5.95300000e-01 2.83752973e-13
6.00900000e-01 1.04678974e-12
6.12010000e-01 3.79572244e-13
6.12560000e-01 1.00280631e-10
6.17150000e-01 3.31203025e-13
6.23150000e-01 1.14382346e-12
6.34500000e-01 4.73999807e-13
6.39810000e-01 3.86483747e-13
6.41550000e-01 1.11364884e-10
6.46230000e-01 1.24482679e-12
6.57820000e-01 5.87367409e-13
6.63300000e-01 4.51168608e-13
6.70150000e-01 1.34938512e-12
6.71910000e-01 1.18417288e-10
6.81990000e-01 7.22308185e-13
6.87640000e-01 5.26814480e-13
6.94970000e-01 1.45710640e-12
7.03700000e-01 1.28300558e-10
7.07060000e-01 8.81424964e-13
7.12890000e-01 6.15346224e-13
7.20700000e-01 1.56767563e-12
7.33040000e-01 1.06747272e-12
7.37000000e-01 1.38970343e-10
7.39060000e-01 7.20176233e-13
7.47390000e-01 1.68078680e-12
7.59980000e-01 1.28315494e-12
7.66180000e-01 8.45282177e-13
7.71880000e-01 1.52220513e-10
7.75060000e-01 1.79621139e-12
7.87910000e-01 1.53168762e-12
7.94310000e-01 9.94444609e-13
8.03760000e-01 1.91384248e-12
8.08410000e-01 1.62586090e-10
8.16870000e-01 1.81653296e-12
8.23470000e-01 1.17216360e-12
8.33520000e-01 2.03363836e-12
8.46660000e-01 1.75091726e-10
8.46890000e-01 2.14147505e-12
8.53700000e-01 1.38417218e-12
8.64380000e-01 2.15565332e-12
8.78010000e-01 2.51054428e-12
8.85030000e-01 1.63726015e-12
8.86730000e-01 1.88215737e-10
8.96390000e-01 2.28001230e-12
9.10280000e-01 2.92816305e-12
9.17520000e-01 1.93777962e-12
9.28690000e-01 2.04273707e-10
9.29580000e-01 2.40694970e-12
9.43730000e-01 3.39947860e-12
9.51200000e-01 2.29272764e-12
9.64000000e-01 2.53669284e-12
9.72640000e-01 2.18864739e-10
9.78410000e-01 3.92937503e-12
9.86120000e-01 2.71044411e-12
9.99690000e-01 2.66942927e-12
1.01437000e+00 4.52282164e-12
1.01867000e+00 2.37831093e-10
1.02232000e+00 3.20078744e-12
1.03671000e+00 2.80536088e-12
1.05165000e+00 5.18493795e-12
1.05985000e+00 3.77301561e-12
1.06687000e+00 2.54475808e-10
1.07509000e+00 2.94476141e-12
1.09030000e+00 5.92071764e-12
1.09875000e+00 4.43632310e-12
1.11490000e+00 3.08782516e-12
1.11736000e+00 2.72953496e-10
1.13037000e+00 6.73557620e-12
1.13909000e+00 5.20190771e-12
1.15618000e+00 3.23518857e-12
1.17024000e+00 2.91766283e-10
1.17191000e+00 7.63539322e-12
1.18090000e+00 6.08464302e-12
1.19899000e+00 3.38947396e-12
1.21498000e+00 8.62597894e-12
1.22425000e+00 7.09858745e-12
1.22561000e+00 3.10732142e-10
1.24339000e+00 3.55364504e-12
1.25963000e+00 9.71344919e-12
1.26919000e+00 8.25734575e-12
1.28361000e+00 3.31859896e-10
1.28943000e+00 3.72830591e-12
1.30592000e+00 1.09055849e-11
1.31578000e+00 9.57556581e-12
1.33717000e+00 3.91329958e-12
1.34436000e+00 3.52672924e-10
1.35392000e+00 1.22131392e-11
1.36408000e+00 1.10694923e-11
1.38668000e+00 4.10909912e-12
1.40367000e+00 1.36503019e-11
1.40797000e+00 3.74388789e-10
1.41415000e+00 1.27569429e-11
1.43803000e+00 4.31584396e-12
1.45526000e+00 1.52338429e-11
1.46606000e+00 1.46569897e-11
1.47460000e+00 3.97670104e-10
1.49128000e+00 4.53379273e-12
1.50874000e+00 1.69823651e-11
1.51988000e+00 1.67890624e-11
1.54438000e+00 4.21055352e-10
1.54649000e+00 4.76309185e-12
1.56419000e+00 1.89103652e-11
1.57567000e+00 1.91706781e-11
1.60376000e+00 5.00360466e-12
1.61747000e+00 4.42320377e-10
1.62168000e+00 2.10325317e-11
1.63351000e+00 2.18194869e-11
1.66314000e+00 5.25466731e-12
1.68127000e+00 2.33631130e-11
1.69348000e+00 2.47564804e-11
1.69401000e+00 4.67275494e-10
1.72472000e+00 5.51619961e-12
1.74306000e+00 2.59149218e-11
1.75564000e+00 2.80053185e-11
1.77417000e+00 4.89606095e-10
1.78858000e+00 5.78744018e-12
1.80712000e+00 2.87015550e-11
1.82009000e+00 3.15870521e-11
1.85481000e+00 6.06828433e-12
1.85813000e+00 5.13985384e-10
1.87353000e+00 3.17366367e-11
1.88690000e+00 3.55250432e-11
1.92349000e+00 6.35835284e-12
1.94239000e+00 3.50350268e-11
1.94606000e+00 5.36826301e-10
1.95616000e+00 3.98438099e-11
1.99471000e+00 6.65681144e-12
2.01377000e+00 3.86142693e-11
2.02797000e+00 4.45688556e-11
2.03815000e+00 5.63183593e-10
2.06857000e+00 6.96380704e-12
2.08778000e+00 4.24895322e-11
2.10242000e+00 4.97265832e-11
2.13460000e+00 5.86489516e-10
2.14516000e+00 7.27914616e-12
2.16451000e+00 4.66769214e-11
2.17959000e+00 5.53450269e-11
2.22459000e+00 7.60274936e-12
2.23562000e+00 6.11245590e-10
2.24405000e+00 5.11940385e-11
2.25960000e+00 6.14529999e-11
2.30696000e+00 7.93456010e-12
2.32652000e+00 5.60579785e-11
2.34141000e+00 6.34822526e-10
2.34255000e+00 6.80837817e-11
2.39238000e+00 8.27456723e-12
2.41203000e+00 6.12869595e-11
2.42854000e+00 7.52683107e-11
2.45221000e+00 6.58236463e-10
2.48096000e+00 8.62291952e-12
2.50067000e+00 6.69010456e-11
2.51769000e+00 8.30332006e-11
2.56826000e+00 6.83689074e-10
2.57283000e+00 8.97883901e-12
2.59257000e+00 7.29190140e-11
2.61011000e+00 9.14102776e-11
2.66809000e+00 9.34306625e-12
2.68785000e+00 7.93615275e-11
2.68979000e+00 7.04738020e-10
2.70592000e+00 1.00436193e-10
2.76688000e+00 9.71503037e-12
2.78663000e+00 8.62501438e-11
2.80525000e+00 1.10145782e-10
2.81708000e+00 7.31957310e-10
2.86933000e+00 1.00949777e-11
2.88904000e+00 9.36066876e-11
2.90823000e+00 1.20570922e-10
2.95039000e+00 7.55216388e-10
2.97558000e+00 1.04825184e-11
2.99521000e+00 1.01453543e-10
3.01498000e+00 1.31746500e-10
3.08576000e+00 1.08785563e-11
3.09001000e+00 7.78290510e-10
3.10529000e+00 1.09812082e-10
3.12566000e+00 1.43707507e-10
3.20001000e+00 1.12819819e-11
3.21941000e+00 1.18705701e-10
3.23624000e+00 8.01641072e-10
3.24040000e+00 1.56492002e-10
3.31850000e+00 1.16927933e-11
3.33773000e+00 1.28156358e-10
3.35935000e+00 1.70133369e-10
3.38938000e+00 8.23585499e-10
3.44138000e+00 1.21122274e-11
3.46039000e+00 1.38188383e-10
3.48266000e+00 1.84665772e-10
3.54977000e+00 8.47204593e-10
3.56880000e+00 1.25388945e-11
3.58757000e+00 1.48824952e-10
3.61050000e+00 2.00126323e-10
3.70094000e+00 1.29722862e-11
3.71776000e+00 8.70001621e-10
3.71941000e+00 1.60093018e-10
3.74304000e+00 2.16553004e-10
3.83798000e+00 1.34140833e-11
3.85610000e+00 1.72015035e-10
3.88044000e+00 2.33984183e-10
3.89369000e+00 8.90716107e-10
3.98009000e+00 1.38629859e-11
3.99782000e+00 1.84614098e-10
4.02289000e+00 2.52453987e-10
4.07795000e+00 9.10556088e-10
4.12746000e+00 1.43197287e-11
4.14474000e+00 1.97915389e-10
4.17056000e+00 2.72001322e-10
4.27093000e+00 9.35247684e-10
4.28029000e+00 1.47836891e-11
4.29706000e+00 2.11941877e-10
4.32365000e+00 2.92661623e-10
4.43878000e+00 1.52549377e-11
4.45498000e+00 2.26719661e-10
4.47304000e+00 9.56590361e-10
4.48237000e+00 3.14471151e-10
4.60313000e+00 1.57327241e-11
4.61871000e+00 2.42275382e-10
4.64691000e+00 3.37470007e-10
4.68471000e+00 9.78039646e-10
4.77357000e+00 1.62181816e-11
4.78845000e+00 2.58637592e-10
4.81749000e+00 3.61701197e-10
4.90640000e+00 9.97037880e-10
4.95033000e+00 1.67101788e-11
4.96443000e+00 2.75832574e-10
4.99433000e+00 3.87212132e-10
5.13362000e+00 1.72090179e-11
5.13858000e+00 1.01655426e-09
5.14687000e+00 2.93891426e-10
5.17767000e+00 4.14043838e-10
5.32371000e+00 1.77148421e-11
5.33602000e+00 3.12846013e-10
5.36773000e+00 4.42237089e-10
5.38175000e+00 1.03840496e-09
5.52083000e+00 1.82270781e-11
5.53213000e+00 3.32738481e-10
5.56477000e+00 4.71843390e-10
5.63643000e+00 1.05499750e-09
5.72525000e+00 1.87460313e-11
5.73544000e+00 3.53623133e-10
5.76904000e+00 5.02934972e-10
5.90316000e+00 1.07652694e-09
5.93724000e+00 1.92711493e-11
5.94622000e+00 3.75534854e-10
5.98082000e+00 5.35565201e-10
6.15708000e+00 1.98024755e-11
6.16475000e+00 3.98481892e-10
6.18251000e+00 1.09475659e-09
6.20036000e+00 5.69767848e-10
6.38506000e+00 2.03396907e-11
6.39131000e+00 4.22485547e-10
6.42797000e+00 6.05576350e-10
6.47508000e+00 1.11370889e-09
6.62148000e+00 2.08825541e-11
6.62619000e+00 4.47595654e-10
6.66393000e+00 6.43051401e-10
6.78149000e+00 1.12817690e-09
6.86666000e+00 2.14318702e-11
6.86971000e+00 4.73859735e-10
6.90855000e+00 6.82252732e-10
7.10241000e+00 1.14561160e-09
7.12091000e+00 2.19856645e-11
7.12217000e+00 5.01319819e-10
7.16215000e+00 7.23240642e-10
7.38392000e+00 5.30013046e-10
7.38458000e+00 2.25461535e-11
7.42506000e+00 7.66075420e-10
7.43851000e+00 1.16423574e-09
7.65528000e+00 5.59983663e-10
7.65801000e+00 2.31106625e-11
7.69763000e+00 8.10816655e-10
7.79052000e+00 1.18091292e-09
7.93662000e+00 5.91273449e-10
7.94157000e+00 2.36815019e-11
7.98019000e+00 8.57530052e-10
8.15918000e+00 1.19360837e-09
8.22830000e+00 6.23932973e-10
8.23562000e+00 2.42561742e-11
8.27313000e+00 9.06279956e-10
8.53070000e+00 6.58013328e-10
8.54056000e+00 2.48363949e-11
8.54529000e+00 1.21132306e-09
8.57683000e+00 9.57135847e-10
8.84420000e+00 6.93564796e-10
8.85680000e+00 2.54213261e-11
8.89167000e+00 1.01017044e-09
8.94967000e+00 1.22832602e-09
9.16924000e+00 7.30632026e-10
9.18474000e+00 2.60109936e-11
9.21807000e+00 1.06545264e-09
9.37319000e+00 1.24266617e-09
9.50621000e+00 7.69272409e-10
9.52483000e+00 2.66042940e-11
9.55645000e+00 1.12306048e-09
9.81675000e+00 1.25447624e-09
9.85557000e+00 8.09539857e-10
9.87751000e+00 2.72010450e-11
9.90725000e+00 1.18307428e-09
1.02177700e+01 8.51495283e-10
1.02432400e+01 2.78028860e-11
1.02709300e+01 1.24557627e-09
1.02813000e+01 1.26903957e-09
1.05932800e+01 8.95201935e-10
1.06225200e+01 2.84080728e-11
1.06479600e+01 1.31065145e-09
1.07678400e+01 1.27154452e-09
1.09825900e+01 9.40725171e-10
1.10158500e+01 2.90177393e-11
1.10388300e+01 1.37838881e-09
1.12774000e+01 1.28944066e-09
1.13862100e+01 9.88131834e-10
1.14237300e+01 2.96284788e-11
1.14440500e+01 1.44888037e-09
1.18046700e+01 1.03748605e-09
1.18110700e+01 1.30821325e-09
1.18467200e+01 3.02449388e-11
1.18641400e+01 1.52222076e-09
1.22385000e+01 1.08885161e-09
1.22853700e+01 3.08648925e-11
1.22996500e+01 1.59850356e-09
1.23699900e+01 1.32506293e-09
1.26882700e+01 1.14230010e-09
1.27402700e+01 3.14868120e-11
1.27511500e+01 1.67782827e-09
1.29553700e+01 1.32561132e-09
1.31545700e+01 1.19791608e-09
1.32120000e+01 3.21120066e-11
1.32192300e+01 1.76030199e-09
1.35684500e+01 1.34564053e-09
1.36380100e+01 1.25578145e-09
1.37012100e+01 3.27401163e-11
1.37044800e+01 1.84603853e-09
1.41392200e+01 1.31597121e-09
1.42075500e+01 1.93514812e-09
1.42085300e+01 3.33709978e-11
1.42105400e+01 1.35771172e-09
1.46588500e+01 1.37856599e-09
1.47290900e+01 2.02774867e-09
1.47346300e+01 3.40038463e-11
1.48830100e+01 1.36103491e-09
1.51975700e+01 1.44365835e-09
1.52697700e+01 2.12396437e-09
1.52802100e+01 3.46382027e-11
1.55873100e+01 1.37138851e-09
1.57560900e+01 1.51134343e-09
1.58303000e+01 2.22392052e-09
1.58460000e+01 3.52762219e-11
1.63249300e+01 1.38296856e-09
1.63351400e+01 1.58172170e-09
1.64114100e+01 2.32774922e-09
1.64327300e+01 3.59162250e-11
1.69354700e+01 1.65489376e-09
1.70138400e+01 2.43558894e-09
1.70411900e+01 3.65586270e-11
1.70974700e+01 1.39540987e-09
1.75578600e+01 1.73094991e-09
1.76383900e+01 2.54757635e-09
1.76721800e+01 3.72010695e-11
1.79065600e+01 1.40142496e-09
1.82031300e+01 1.80998271e-09
1.82858700e+01 2.66385628e-09
1.83265300e+01 3.78460440e-11
1.87539300e+01 1.41294953e-09
1.88721100e+01 1.89211397e-09
1.89571200e+01 2.78458582e-09
1.90051200e+01 3.84942262e-11
1.95656700e+01 1.97747160e-09
1.96414100e+01 1.41971615e-09
1.96530000e+01 2.90992939e-09
1.97088200e+01 3.91423038e-11
2.02847200e+01 2.06616400e-09
2.03744300e+01 3.04004303e-09
2.04385900e+01 3.97927026e-11
2.05708900e+01 1.43041882e-09
2.10302000e+01 2.15829643e-09
2.11223400e+01 3.17508861e-09
2.11953700e+01 4.04445847e-11
2.15443500e+01 1.44069660e-09
2.18030800e+01 2.25400273e-09
2.18977100e+01 3.31524143e-09
2.19801800e+01 4.10962872e-11
2.25638700e+01 1.44247681e-09
2.26043600e+01 2.35343338e-09
2.27015400e+01 3.46069052e-09
2.27940500e+01 4.17513184e-11
2.34350800e+01 2.45673137e-09
2.35348800e+01 3.61162671e-09
2.36316500e+01 1.45938047e-09
2.36380500e+01 4.24070048e-11
2.42963400e+01 2.56403314e-09
2.43988100e+01 3.76824647e-09
2.45133000e+01 4.30634590e-11
2.47499500e+01 1.46856190e-09
2.51892500e+01 2.67548037e-09
2.52944500e+01 3.93074698e-09
2.54209600e+01 4.37199544e-11
2.59211700e+01 1.46671622e-09
2.61149700e+01 2.79121580e-09
2.62229600e+01 4.09932715e-09
2.63622300e+01 4.43795180e-11
2.70747200e+01 2.91139763e-09
2.71478200e+01 1.47722862e-09
2.71855700e+01 4.27420156e-09
2.73383500e+01 4.50373847e-11
2.80697400e+01 3.03620660e-09
2.81835100e+01 4.45561649e-09
2.83506100e+01 4.56954291e-11
2.84325100e+01 1.48610097e-09
2.91013200e+01 3.16581798e-09
2.92180800e+01 4.64381205e-09
2.94003600e+01 4.63546847e-11
2.97780000e+01 1.48361573e-09
3.01708200e+01 3.30039355e-09
3.02906300e+01 4.83901991e-09
3.04889800e+01 4.70155911e-11
3.11871700e+01 1.48866471e-09
3.12796200e+01 3.44011142e-09
3.14025500e+01 5.04148514e-09
3.16179000e+01 4.76764147e-11
3.24291700e+01 3.58516911e-09
3.25552800e+01 5.25147201e-09
3.26630100e+01 1.49625456e-09
3.27886200e+01 4.83378212e-11
3.36209600e+01 3.73577081e-09
3.37503400e+01 5.46924542e-09
3.40027000e+01 4.89996340e-11
3.42087000e+01 1.51313461e-09
3.48565600e+01 3.89211668e-09
3.49892600e+01 5.69507783e-09
3.52617200e+01 4.96615558e-11
3.58275300e+01 1.51528304e-09
3.61375600e+01 4.05441738e-09
3.62736600e+01 5.92924661e-09
3.65673700e+01 5.03235041e-11
3.74656400e+01 4.22288837e-09
3.75229700e+01 1.52313736e-09
3.76052000e+01 6.17205614e-09
3.79213600e+01 5.09855549e-11
3.88425400e+01 4.39775785e-09
3.89856300e+01 6.42382181e-09
3.92986400e+01 1.52289517e-09
3.93254800e+01 5.16487895e-11
4.02700300e+01 4.57928658e-09
4.04167300e+01 6.68488853e-09
4.07816000e+01 5.23094428e-11
4.11583400e+01 1.53019926e-09
4.17499800e+01 4.76772857e-09
4.19003600e+01 6.95560055e-09
4.22916300e+01 5.29739380e-11
4.31060400e+01 1.53214360e-09
4.32843300e+01 4.96326018e-09
4.34384600e+01 7.23623728e-09
4.38575800e+01 5.36356099e-11
4.48750600e+01 5.16606160e-09
4.50330200e+01 7.52708110e-09
4.51459200e+01 1.54247219e-09
4.54815000e+01 5.42998871e-11
4.65242500e+01 5.37651085e-09
4.66861100e+01 7.82857600e-09
4.71655600e+01 5.49598309e-11
4.72823200e+01 1.53869017e-09
4.82340500e+01 5.59506942e-09
4.83998800e+01 8.14124318e-09
4.89119700e+01 5.56223800e-11
4.95198300e+01 1.55136004e-09
5.00066900e+01 5.82198521e-09
5.01765600e+01 8.46547516e-09
5.07230500e+01 5.62831299e-11
5.18444700e+01 6.05739111e-09
5.18632200e+01 1.55475866e-09
5.20184600e+01 8.80159152e-09
5.26011800e+01 5.69457672e-11
5.37498000e+01 6.30158361e-09
5.39279700e+01 9.14998740e-09
5.43175000e+01 1.56113862e-09
5.45488600e+01 5.76085356e-11
5.57251400e+01 6.55499334e-09
5.59075800e+01 9.51111952e-09
5.65686600e+01 5.82703101e-11
5.68879200e+01 1.55649292e-09
5.77730800e+01 6.81799201e-09
5.79598600e+01 9.88546342e-09
5.86632400e+01 5.89298193e-11
5.95799900e+01 1.56087541e-09
5.98962900e+01 7.09089792e-09
6.00874800e+01 1.02735094e-08
6.08353800e+01 5.95911783e-11
6.20975200e+01 7.37405947e-09
6.22931900e+01 1.06757433e-08
6.23994400e+01 1.56155005e-09
6.30879500e+01 6.02509082e-11
6.43796500e+01 7.66785712e-09
6.45798700e+01 1.10926310e-08
6.53523300e+01 1.57601008e-09
6.54239200e+01 6.09118957e-11
6.67456500e+01 7.97267844e-09
6.69505000e+01 1.15247059e-08
6.78463900e+01 6.15721254e-11
6.84449400e+01 1.58069365e-09
6.91986000e+01 8.28891026e-09
6.94081400e+01 1.19726119e-08
7.03585600e+01 6.22299812e-11
7.16839100e+01 1.57335722e-09
7.17417100e+01 8.61697363e-09
7.19560000e+01 1.24369391e-08
7.29637500e+01 6.28885076e-11
7.43782700e+01 8.95735859e-09
7.45973900e+01 1.29181308e-08
7.50761500e+01 1.57634240e-09
7.56654000e+01 6.35462582e-11
7.71117200e+01 9.31055469e-09
7.73357400e+01 1.34166816e-08
7.84670800e+01 6.42054000e-11
7.86289200e+01 1.58718285e-09
7.99456400e+01 9.67700960e-09
8.01746200e+01 1.39332807e-08
8.13725000e+01 6.48615197e-11
8.23498200e+01 1.58274232e-09
8.28837000e+01 1.00571530e-08
8.31177000e+01 1.44686597e-08
8.43855000e+01 6.55188174e-11
8.59297400e+01 1.04513387e-08
8.61688100e+01 1.50234884e-08
8.62468000e+01 1.59574303e-09
8.75100700e+01 6.61740536e-11
8.90877200e+01 1.08599736e-08
8.93319300e+01 1.55984456e-08
9.03281900e+01 1.58623462e-09
9.07503300e+01 6.68268158e-11
9.23617600e+01 1.12837748e-08
9.26111700e+01 1.61942639e-08
9.41105600e+01 6.74824935e-11
9.46027200e+01 1.59418908e-09
9.57561300e+01 1.17235341e-08
9.60107700e+01 1.68117067e-08
9.75952200e+01 6.81368219e-11
9.90795300e+01 1.59619594e-09
9.92752400e+01 1.21797738e-08
9.95351700e+01 1.74515087e-08
1.01208910e+02 6.87891477e-11
1.02923680e+02 1.26529303e-08
1.03188950e+02 1.81144198e-08
1.03768190e+02 1.59760406e-09
1.04956400e+02 6.94426263e-11
1.06706200e+02 1.31436041e-08
1.06976850e+02 1.88012852e-08
1.08678740e+02 1.60058623e-09
1.08842650e+02 7.00955223e-11
1.10627730e+02 1.36524840e-08
1.10903800e+02 1.95130083e-08
1.12872790e+02 7.07479611e-11
1.13821660e+02 1.60443890e-09
1.14693390e+02 1.41802369e-08
1.14974900e+02 2.02504650e-08
1.17052170e+02 7.13964996e-11
1.18908460e+02 1.47275290e-08
1.19195440e+02 2.10145204e-08
1.19207950e+02 1.60558952e-09
1.21386290e+02 7.20478381e-11
1.23278430e+02 1.52950831e-08
1.23570920e+02 2.18061177e-08
1.24849140e+02 1.60930135e-09
1.25880890e+02 7.26980749e-11
1.27809010e+02 1.58836737e-08
1.28107010e+02 2.26262834e-08
1.30541920e+02 7.33465186e-11
1.30757280e+02 1.61134089e-09
1.32506080e+02 1.64940678e-08
1.32809610e+02 2.34760394e-08
1.35375530e+02 7.39951464e-11
1.36945000e+02 1.60568736e-09
1.37375780e+02 1.71270088e-08
1.37684840e+02 2.43563989e-08
1.40388120e+02 7.46426019e-11
1.42424450e+02 1.77832883e-08
1.42739030e+02 2.52684300e-08
1.43425540e+02 1.61420701e-09
1.45586310e+02 7.52876867e-11
1.47658650e+02 1.84637572e-08
1.47978750e+02 2.62132657e-08
1.50212760e+02 1.61725942e-09
1.50976970e+02 7.59344677e-11
1.53085220e+02 1.91692993e-08
1.53410810e+02 2.71920870e-08
1.56567230e+02 7.65798495e-11
1.57321160e+02 1.61103402e-09
1.58711220e+02 1.99008438e-08
1.59042280e+02 2.82061239e-08
1.62364490e+02 7.72248457e-11
1.64543970e+02 2.06593397e-08
1.64765950e+02 1.61364876e-09
1.64880460e+02 2.92566185e-08
1.68376410e+02 7.78666653e-11
1.70591090e+02 2.14457336e-08
1.70932960e+02 3.03447579e-08
1.72563040e+02 1.61476207e-09
1.74610930e+02 7.85077764e-11
1.76860440e+02 2.22610172e-08
1.77207640e+02 3.14718066e-08
1.80729110e+02 1.61772628e-09
1.81076290e+02 7.91488654e-11
1.83360200e+02 2.31062504e-08
1.83712650e+02 3.26392287e-08
1.87781060e+02 7.97892453e-11
1.89281620e+02 1.61260208e-09
1.90098820e+02 2.39825190e-08
1.90456440e+02 3.38485353e-08
1.94734080e+02 8.04306238e-11
1.97085100e+02 2.48908596e-08
1.97447790e+02 3.51011176e-08
1.98238840e+02 1.61829170e-09
2.01944550e+02 8.10698550e-11
2.04328120e+02 2.58323565e-08
2.04695780e+02 3.63983927e-08
2.07619950e+02 1.61786673e-09
2.09422000e+02 8.17083969e-11
2.11837340e+02 2.68082908e-08
2.12209840e+02 3.77419557e-08
2.17176330e+02 8.23447930e-11
2.17444990e+02 1.61792714e-09
2.19622520e+02 2.78200280e-08
2.19999720e+02 3.91335009e-08
2.25217780e+02 8.29839355e-11
2.27693810e+02 2.88687965e-08
2.27734970e+02 1.62665661e-09
2.28075560e+02 4.05747051e-08
2.33556980e+02 8.36174790e-11
2.36061730e+02 2.99557947e-08
2.36447850e+02 4.20672761e-08
2.38511890e+02 1.62611998e-09
2.42204960e+02 8.42521712e-11
2.44737180e+02 3.10823642e-08
2.45127470e+02 4.36130032e-08
2.49798810e+02 1.62861664e-09
2.51173150e+02 8.48867039e-11
2.53731450e+02 3.22499500e-08
2.54125700e+02 4.52137507e-08
2.60473400e+02 8.55193840e-11
2.61619840e+02 1.63099928e-09
2.63056280e+02 3.34600476e-08
2.63454250e+02 4.68714290e-08
2.70118020e+02 8.61524806e-11
2.72723790e+02 3.47142146e-08
2.73125230e+02 4.85880081e-08
2.74000280e+02 1.62735018e-09
2.80119760e+02 8.67829601e-11
2.82746600e+02 3.60140336e-08
2.83151220e+02 5.03655402e-08
2.86966580e+02 1.62975230e-09
2.90491830e+02 8.74138440e-11
2.93137750e+02 3.73611248e-08
2.93545250e+02 5.22061681e-08
3.00546480e+02 1.62516854e-09
3.01247950e+02 8.80448286e-11
3.03910780e+02 3.87571095e-08
3.04320830e+02 5.41120780e-08
3.12402340e+02 8.86745484e-11
3.14769010e+02 1.62665548e-09
3.15079730e+02 4.02036028e-08
3.15491960e+02 5.60854915e-08
3.23969750e+02 8.92989896e-11
3.26659150e+02 4.17023138e-08
3.27073160e+02 5.81287239e-08
3.29664580e+02 1.63204398e-09
3.35965460e+02 8.99237862e-11
3.38664120e+02 4.32550829e-08
3.39079490e+02 6.02442047e-08
3.45265040e+02 1.62943896e-09
3.48405350e+02 9.05487738e-11
3.51110280e+02 4.48639096e-08
3.51526550e+02 6.24344148e-08
3.61305850e+02 9.11702234e-11
3.61603760e+02 1.63554485e-09
3.64013850e+02 4.65310374e-08
3.64430530e+02 6.47018382e-08
3.74684020e+02 9.17983035e-11
3.77391640e+02 4.82586539e-08
3.77808190e+02 6.70490797e-08
3.78715650e+02 1.63090315e-09
3.88557550e+02 9.24209034e-11
3.91261060e+02 5.00486034e-08
3.91676920e+02 6.94789572e-08
3.96637320e+02 1.63909946e-09
4.02944780e+02 9.30392214e-11
4.05640200e+02 5.19028168e-08
4.06054760e+02 7.19944058e-08
4.15407080e+02 1.63394537e-09
4.17864720e+02 9.36572444e-11
4.20547790e+02 5.38236762e-08
4.20960370e+02 7.45984470e-08
4.33337120e+02 9.42783560e-11
4.35065070e+02 1.63944068e-09
4.36003240e+02 5.58136823e-08
4.36413160e+02 7.72941368e-08
4.49382410e+02 9.48938281e-11
4.52026680e+02 5.78751965e-08
4.52433180e+02 8.00843787e-08
4.55653320e+02 1.63601835e-09
4.66021810e+02 9.55122784e-11
4.68639010e+02 6.00106270e-08
4.69041280e+02 8.29721204e-08
4.77215850e+02 1.64513553e-09
4.83277330e+02 9.61280188e-11
4.85861840e+02 6.22226950e-08
4.86259030e+02 8.59607881e-08
4.99798770e+02 1.63762749e-09
5.01171770e+02 9.67413683e-11
5.03717630e+02 6.45142471e-08
5.04108820e+02 8.90540500e-08
5.19728800e+02 9.73537370e-11
5.22229640e+02 6.68878370e-08
5.22613850e+02 9.22554600e-08
5.23450360e+02 1.63673242e-09
5.38972940e+02 9.79661022e-11
5.41421970e+02 6.93459395e-08
5.41798160e+02 9.55685751e-08
5.48221200e+02 1.63625519e-09
5.58929640e+02 9.85778495e-11
5.61319640e+02 7.18915817e-08
5.61686710e+02 9.89971838e-08
5.74164250e+02 1.63425520e-09
5.79625280e+02 9.91879077e-11
5.81948560e+02 7.45281869e-08
5.82305320e+02 1.02545288e-07
6.01087220e+02 9.97945953e-11
6.01334980e+02 1.64016797e-09
6.03335600e+02 7.72589679e-08
6.03680820e+02 1.06216878e-07
6.23343850e+02 1.00401050e-10
6.25508640e+02 8.00869685e-08
6.25840970e+02 1.10015972e-07
6.29791490e+02 1.63625397e-09
6.46424570e+02 1.01004060e-10
6.48496560e+02 8.30153737e-08
6.48814590e+02 1.13946798e-07
6.59594630e+02 1.63593577e-09
6.70359910e+02 1.01610872e-10
6.72329300e+02 8.60475240e-08
6.72631540e+02 1.18013828e-07
6.90808110e+02 1.63598468e-09
6.95181510e+02 1.02215300e-10
6.97037910e+02 8.91870056e-08
6.97322760e+02 1.22221557e-07
7.20922190e+02 1.02812617e-10
7.22654580e+02 9.24377092e-08
7.22920360e+02 1.26574432e-07
7.23498690e+02 1.63703047e-09
7.47615970e+02 1.03411955e-10
7.49212680e+02 9.58035446e-08
7.49457610e+02 1.31077159e-07
7.57736260e+02 1.63633930e-09
7.75298150e+02 1.04003227e-10
7.76746810e+02 9.92883265e-08
7.76968990e+02 1.35734858e-07
7.93594030e+02 1.63379511e-09
8.04005330e+02 1.04605234e-10
8.05292840e+02 1.02895974e-07
8.05490280e+02 1.40552732e-07
8.31148670e+02 1.63345003e-09
8.33775450e+02 1.05196884e-10
8.34887960e+02 1.06630554e-07
8.35058540e+02 1.45535894e-07
8.64647890e+02 1.05791980e-10
8.65570720e+02 1.10496329e-07
8.65712200e+02 1.50689633e-07
8.70480480e+02 1.63635873e-09
8.96663440e+02 1.06382075e-10
8.97381100e+02 1.14497894e-07
8.97491100e+02 1.56019602e-07
9.11673560e+02 1.64013340e-09
9.29864450e+02 1.06970443e-10
9.30360530e+02 1.18639971e-07
9.30436560e+02 1.61531619e-07
9.54815980e+02 1.64244641e-09
9.64294790e+02 1.07558245e-10
9.64551990e+02 1.22927164e-07
9.64591400e+02 1.67231474e-07
1.00000000e+03 6.62318645e-10
