# Energy_GeV  sigma_cm2
1.00000000e-02 0.00000000e+00
2.91300000e-02 0.00000000e+00
3.00300000e-02 0.00000000e+00
3.01800000e-02 0.00000000e+00
3.04700000e-02 0.00000000e+00
3.06100000e-02 0.00000000e+00
4.82600000e-02 0.00000000e+00
5.00600000e-02 0.00000000e+00
5.03500000e-02 0.00000000e+00
5.09300000e-02 0.00000000e+00
5.12200000e-02 0.00000000e+00
5.72100000e-02 0.00000000e+00
6.32800000e-02 0.00000000e+00
6.36200000e-02 0.00000000e+00
6.74000000e-02 0.00000000e+00
7.01000000e-02 0.00000000e+00
7.05300000e-02 0.00000000e+00
7.14000000e-02 0.00000000e+00
7.18300000e-02 0.00000000e+00
8.65300000e-02 0.00000000e+00
9.01300000e-02 0.00000000e+00
9.07000000e-02 0.00000000e+00
9.18600000e-02 0.00000000e+00
9.24400000e-02 0.00000000e+00
1.04410000e-01 0.00000000e+00
1.05660000e-01 0.00000000e+00
1.09700000e-01 0.00000000e+00
1.10160000e-01 0.00000000e+00
1.10880000e-01 0.00000000e+00
1.12330000e-01 0.00000000e+00
1.13050000e-01 0.00000000e+00
1.13890000e-01 0.00000000e+00
1.14350000e-01 0.00000000e+00
1.15100000e-01 0.00000000e+00
1.16570000e-01 0.00000000e+00
1.16590000e-01 0.00000000e+00
1.17240000e-01 0.00000000e+00
1.17340000e-01 0.00000000e+00
1.18250000e-01 0.00000000e+00
1.18710000e-01 0.00000000e+00
1.19480000e-01 0.00000000e+00
1.21020000e-01 0.00000000e+00
1.21790000e-01 0.00000000e+00
1.22770000e-01 0.00000000e+00
1.23220000e-01 0.00000000e+00
1.24020000e-01 0.00000000e+00
1.25620000e-01 0.00000000e+00
1.26410000e-01 4.79160264e-15
1.27460000e-01 0.00000000e+00
1.27910000e-01 0.00000000e+00
1.28730000e-01 0.00000000e+00
1.30390000e-01 0.00000000e+00
1.31210000e-01 5.44343094e-14
1.32340000e-01 0.00000000e+00
1.32780000e-01 0.00000000e+00
1.33630000e-01 0.00000000e+00
1.35340000e-01 0.00000000e+00
1.36190000e-01 1.69627045e-13
1.37400000e-01 0.00000000e+00
1.37830000e-01 0.00000000e+00
1.38710000e-01 0.00000000e+00
1.40480000e-01 0.00000000e+00
1.41360000e-01 4.55611724e-13
1.42650000e-01 0.00000000e+00
1.43080000e-01 0.00000000e+00
1.43990000e-01 0.00000000e+00
1.45810000e-01 0.00000000e+00
1.46720000e-01 7.32465006e-13
1.48100000e-01 0.00000000e+00
1.48520000e-01 0.00000000e+00
1.49460000e-01 0.00000000e+00
1.51350000e-01 0.00000000e+00
1.51620000e-01 0.00000000e+00
1.52290000e-01 9.60620974e-13
1.53770000e-01 0.00000000e+00
1.54180000e-01 0.00000000e+00
1.55150000e-01 0.00000000e+00
1.57100000e-01 0.00000000e+00
1.58070000e-01 9.02267918e-13
1.59640000e-01 0.00000000e+00
1.60040000e-01 0.00000000e+00
1.61050000e-01 0.00000000e+00
1.63060000e-01 0.00000000e+00
1.64060000e-01 1.53711539e-12
1.65750000e-01 6.72166441e-18
1.66140000e-01 0.00000000e+00
1.67170000e-01 0.00000000e+00
1.69250000e-01 0.00000000e+00
1.69850000e-01 0.00000000e+00
1.70290000e-01 2.22728735e-12
1.70850000e-01 0.00000000e+00
1.72090000e-01 1.42202861e-16
1.72460000e-01 0.00000000e+00
1.73530000e-01 0.00000000e+00
1.75680000e-01 0.00000000e+00
1.76750000e-01 2.73072120e-12
1.78670000e-01 1.05967600e-15
1.79020000e-01 0.00000000e+00
1.80130000e-01 0.00000000e+00
1.82350000e-01 0.00000000e+00
1.83460000e-01 3.53782199e-12
1.85500000e-01 4.33627077e-15
1.85830000e-01 0.00000000e+00
1.86980000e-01 0.00000000e+00
1.89280000e-01 0.00000000e+00
1.90420000e-01 3.95579779e-12
1.92590000e-01 1.28407231e-14
1.92910000e-01 0.00000000e+00
1.94090000e-01 0.00000000e+00
1.96470000e-01 0.00000000e+00
1.97650000e-01 4.73573427e-12
1.98830000e-01 0.00000000e+00
1.99950000e-01 3.04008107e-14
2.00250000e-01 0.00000000e+00
2.01470000e-01 0.00000000e+00
2.03930000e-01 0.00000000e+00
2.05150000e-01 5.96315107e-12
2.07600000e-01 6.07018279e-14
2.07870000e-01 0.00000000e+00
2.09130000e-01 0.00000000e+00
2.11670000e-01 0.00000000e+00
2.12930000e-01 6.78227855e-12
2.15540000e-01 1.06594377e-13
2.15780000e-01 0.00000000e+00
2.17090000e-01 0.00000000e+00
2.19710000e-01 0.00000000e+00
2.21010000e-01 7.76501604e-12
2.23130000e-01 0.00000000e+00
2.23780000e-01 1.70253593e-13
2.23990000e-01 0.00000000e+00
2.24470000e-01 0.00000000e+00
2.25340000e-01 0.00000000e+00
2.28050000e-01 0.00000000e+00
2.29400000e-01 8.73191256e-12
2.32330000e-01 2.53683611e-13
2.32520000e-01 0.00000000e+00
2.33910000e-01 0.00000000e+00
2.36710000e-01 0.00000000e+00
2.38100000e-01 1.06578865e-11
2.41220000e-01 3.58795370e-13
2.41370000e-01 0.00000000e+00
2.42810000e-01 0.00000000e+00
2.45700000e-01 0.00000000e+00
2.46040000e-01 0.00000000e+00
2.47140000e-01 1.13828101e-11
2.50440000e-01 4.87478633e-13
2.50550000e-01 0.00000000e+00
2.52040000e-01 0.00000000e+00
2.54560000e-01 1.37696930e-42
2.55030000e-01 6.02414703e-22
2.56520000e-01 1.26342187e-11
2.60010000e-01 6.41593361e-13
2.60090000e-01 0.00000000e+00
2.61620000e-01 0.00000000e+00
2.63380000e-01 2.56656486e-27
2.64720000e-01 8.05312194e-18
2.66250000e-01 1.31686720e-11
2.69950000e-01 8.23105207e-13
2.69980000e-01 0.00000000e+00
2.71570000e-01 1.11937324e-19
2.72500000e-01 2.45470479e-22
2.74770000e-01 1.73065110e-17
2.76350000e-01 1.49888919e-11
2.76420000e-01 0.00000000e+00
2.78090000e-01 0.00000000e+00
2.80260000e-01 0.00000000e+00
2.80280000e-01 1.03388373e-12
2.81900000e-01 2.84352802e-16
2.81940000e-01 7.16473346e-20
2.85200000e-01 2.19459126e-16
2.85860000e-01 1.28708945e-16
2.86840000e-01 1.67944546e-11
2.87580000e-01 5.67687648e-16
2.90920000e-01 0.00000000e+00
2.90990000e-01 1.27591567e-12
2.91710000e-01 2.17561248e-18
2.92620000e-01 7.10207482e-16
2.95620000e-01 2.66900369e-16
2.96030000e-01 6.58581280e-16
2.97390000e-01 1.15500650e-15
2.97720000e-01 1.79331821e-11
3.01820000e-01 2.17645366e-17
3.02000000e-01 0.00000000e+00
3.02120000e-01 1.55029952e-12
3.03750000e-01 1.56646489e-15
3.05710000e-01 5.29130580e-16
3.07270000e-01 1.46572804e-15
3.07540000e-01 2.29117859e-15
3.09020000e-01 1.95462344e-11
3.12270000e-01 1.16499882e-16
3.13490000e-01 0.00000000e+00
3.13670000e-01 1.86134825e-12
3.15300000e-01 3.87982516e-15
3.16150000e-01 9.09384771e-16
3.18040000e-01 3.94490063e-15
3.18940000e-01 3.02127161e-15
3.20750000e-01 2.10196927e-11
3.23090000e-01 4.24747352e-16
3.25420000e-01 0.00000000e+00
3.25660000e-01 2.21313015e-12
3.26950000e-01 1.39038744e-15
3.27290000e-01 8.24708944e-15
3.28890000e-01 6.04932904e-15
3.31050000e-01 5.56616945e-15
3.32920000e-01 2.21844261e-11
3.34290000e-01 1.33942625e-15
3.37800000e-01 0.00000000e+00
3.38110000e-01 2.60870374e-12
3.38120000e-01 1.98158152e-15
3.39740000e-01 1.59654814e-14
3.40110000e-01 8.64615286e-15
3.43620000e-01 9.57127091e-15
3.45550000e-01 2.38203002e-11
3.45870000e-01 3.31831088e-15
3.49660000e-01 2.70346962e-15
3.50660000e-01 0.00000000e+00
3.51040000e-01 3.05273343e-12
3.51720000e-01 1.18061936e-14
3.52660000e-01 2.92050921e-14
3.56670000e-01 1.57450965e-14
3.57850000e-01 6.73900155e-15
3.58670000e-01 2.56568627e-11
3.61600000e-01 3.56861738e-15
3.63720000e-01 1.56231718e-14
3.64010000e-01 0.00000000e+00
3.64460000e-01 3.55063808e-12
3.66070000e-01 5.10621388e-14
3.70220000e-01 2.51208996e-14
3.70250000e-01 1.16344723e-14
3.72280000e-01 2.72123781e-11
3.73950000e-01 4.58737156e-15
3.76140000e-01 2.01876649e-14
3.77860000e-01 0.00000000e+00
3.78400000e-01 4.10845348e-12
3.79990000e-01 8.67618790e-14
3.83070000e-01 1.81380228e-14
3.84280000e-01 3.93898800e-14
3.86400000e-01 2.93349494e-11
3.86720000e-01 5.80108253e-15
3.88970000e-01 2.55999313e-14
3.92240000e-01 0.00000000e+00
3.92870000e-01 4.73235534e-12
3.94440000e-01 1.43825302e-13
3.96340000e-01 2.63454959e-14
3.98870000e-01 6.09233361e-14
3.99930000e-01 7.28849088e-15
4.01070000e-01 3.09213931e-11
4.02240000e-01 3.19412972e-14
4.07170000e-01 0.00000000e+00
4.07890000e-01 5.42756202e-12
4.09440000e-01 2.37388347e-13
4.10080000e-01 3.67144430e-14
4.13590000e-01 8.99375242e-15
4.14020000e-01 9.43487075e-14
4.15970000e-01 3.93440979e-14
4.16290000e-01 3.41604732e-11
4.22660000e-01 0.00000000e+00
4.23480000e-01 6.19708372e-12
4.24280000e-01 4.97851823e-14
4.25010000e-01 3.88260118e-13
4.27710000e-01 1.07139859e-14
4.29740000e-01 1.45977348e-13
4.30170000e-01 4.80128531e-14
4.32080000e-01 3.57312018e-11
4.38750000e-01 1.81275694e-13
4.38980000e-01 6.57746436e-14
4.39680000e-01 7.04104765e-12
4.41180000e-01 6.21095777e-13
4.42320000e-01 1.26337042e-14
4.44850000e-01 5.81068070e-14
4.46060000e-01 2.22852329e-13
4.48480000e-01 3.68314540e-11
4.54190000e-01 8.48201433e-14
4.55440000e-01 4.18287310e-13
4.56490000e-01 7.95694643e-12
4.57420000e-01 1.57319219e-14
4.57950000e-01 9.65291522e-13
4.60030000e-01 6.96640670e-14
4.63000000e-01 3.32917088e-13
4.65500000e-01 4.07202420e-11
4.69920000e-01 1.06997219e-13
4.72780000e-01 6.11542066e-13
4.73050000e-01 2.12415181e-14
4.73940000e-01 8.94069164e-12
4.75370000e-01 1.43952766e-12
4.75720000e-01 8.28065742e-14
4.80580000e-01 4.81423427e-13
4.83160000e-01 4.32077379e-11
4.86200000e-01 1.32550690e-13
4.89200000e-01 3.06346600e-14
4.90770000e-01 7.99376802e-13
4.91960000e-01 9.78564506e-14
4.92060000e-01 9.98802601e-12
4.93450000e-01 2.04655952e-12
4.98830000e-01 6.68985850e-13
5.01500000e-01 4.47054680e-11
5.03050000e-01 1.62069526e-13
5.05910000e-01 4.52666519e-14
5.08750000e-01 1.15197034e-13
5.09450000e-01 9.89436719e-13
5.10870000e-01 1.10952145e-11
5.12210000e-01 2.78772661e-12
5.17770000e-01 8.96171862e-13
5.20480000e-01 1.96099053e-13
5.20530000e-01 4.75407718e-11
5.23180000e-01 6.56119726e-14
5.26110000e-01 1.35072513e-13
5.28830000e-01 1.18430489e-12
5.30410000e-01 1.22601876e-11
5.31690000e-01 3.66470930e-12
5.37430000e-01 1.16434047e-12
5.38510000e-01 2.34744341e-13
5.40280000e-01 4.95778266e-11
5.41050000e-01 9.20601710e-14
5.44060000e-01 1.57760131e-13
5.48960000e-01 1.38489375e-12
5.50690000e-01 1.34826688e-11
5.51910000e-01 4.68000004e-12
5.57160000e-01 2.78426788e-13
5.57840000e-01 1.47502112e-12
5.59530000e-01 1.25702775e-13
5.60780000e-01 5.29275189e-11
5.62630000e-01 1.83739245e-13
5.69850000e-01 1.59138666e-12
5.71740000e-01 1.47642110e-11
5.72900000e-01 5.83877326e-12
5.76470000e-01 3.27220750e-13
5.78640000e-01 1.67920264e-13
5.79020000e-01 1.83081062e-12
5.81830000e-01 2.13610753e-13
5.82060000e-01 5.39546100e-11
5.91540000e-01 1.80359221e-12
5.93600000e-01 1.61080477e-11
5.94690000e-01 7.14673001e-12
5.96440000e-01 3.81249673e-13
5.98400000e-01 2.20112034e-13
6.01010000e-01 2.23428879e-12
6.01680000e-01 2.47877697e-13
6.04150000e-01 5.80700213e-11
6.14050000e-01 2.02110529e-12
6.16300000e-01 1.75183528e-11
6.17100000e-01 4.40545745e-13
6.17300000e-01 8.61030654e-12
6.18830000e-01 2.83812895e-13
6.22210000e-01 2.87046017e-13
6.23830000e-01 2.68878249e-12
6.27070000e-01 5.95053742e-11
6.37420000e-01 2.24339106e-12
6.38480000e-01 5.05297951e-13
6.39860000e-01 1.89994267e-11
6.39970000e-01 3.60800548e-13
6.40780000e-01 1.02337018e-11
6.43450000e-01 3.31909015e-13
6.47520000e-01 3.19756588e-12
6.50870000e-01 6.61113403e-11
6.60600000e-01 5.75215818e-13
6.61680000e-01 2.46983406e-12
6.61820000e-01 4.53300247e-13
6.64330000e-01 2.05564146e-11
6.65150000e-01 1.20229328e-11
6.65400000e-01 3.83581459e-13
6.72110000e-01 3.76488290e-12
6.75570000e-01 6.68922574e-11
6.83490000e-01 6.50152041e-13
6.84420000e-01 5.63647720e-13
6.86860000e-01 2.69979426e-12
6.88110000e-01 4.43447475e-13
6.89730000e-01 2.21931176e-11
6.90440000e-01 1.39831361e-11
6.97640000e-01 4.39557677e-12
7.01200000e-01 7.11615255e-11
7.07160000e-01 7.29661008e-13
7.07800000e-01 6.94460989e-13
7.11590000e-01 5.13373737e-13
7.13000000e-01 2.93263857e-12
7.16100000e-01 2.39115390e-11
7.16700000e-01 1.61174169e-11
7.24130000e-01 5.09642473e-12
7.27810000e-01 7.24428836e-11
7.31660000e-01 8.13367495e-13
7.31970000e-01 8.48154949e-13
7.35880000e-01 5.95527741e-13
7.40130000e-01 3.16756481e-12
7.43480000e-01 2.57140571e-11
7.43960000e-01 1.84300769e-11
7.51630000e-01 5.87556253e-12
7.55430000e-01 7.71044946e-11
7.56960000e-01 1.02666511e-12
7.57010000e-01 9.00914707e-13
7.60990000e-01 6.92600830e-13
7.68300000e-01 3.40396376e-12
7.71910000e-01 2.76003117e-11
7.72250000e-01 2.09248497e-11
7.80170000e-01 6.74478465e-12
7.82820000e-01 1.23212159e-12
7.83240000e-01 9.92676057e-13
7.84100000e-01 8.12125833e-11
7.86960000e-01 8.07207093e-13
7.97540000e-01 3.64103635e-12
8.01420000e-01 2.95708736e-11
8.01620000e-01 2.36037191e-11
8.09550000e-01 1.46755934e-12
8.09790000e-01 7.72225862e-12
8.10370000e-01 1.08802908e-12
8.13810000e-01 9.41945151e-13
8.13850000e-01 8.44209169e-11
8.27890000e-01 3.87811716e-12
8.32060000e-01 3.16237761e-11
8.32100000e-01 2.64697216e-11
8.37200000e-01 1.73582769e-12
8.38450000e-01 1.18636586e-12
8.40550000e-01 8.83243478e-12
8.41580000e-01 1.10076726e-12
8.44730000e-01 8.97542866e-11
8.59400000e-01 4.11456969e-12
8.63750000e-01 2.95237030e-11
8.63870000e-01 3.37574668e-11
8.65790000e-01 2.04019184e-12
8.67490000e-01 1.28815866e-12
8.70300000e-01 1.29024759e-12
8.72460000e-01 1.01211983e-11
8.76790000e-01 9.36652703e-11
8.92110000e-01 4.34979045e-12
8.95350000e-01 2.38414950e-12
8.96590000e-01 3.27698796e-11
8.96900000e-01 3.59692393e-11
8.97550000e-01 1.39255644e-12
9.00000000e-01 1.51683749e-12
9.05600000e-01 1.16395745e-11
9.10060000e-01 9.54422605e-11
9.25930000e-01 2.77133778e-12
9.26060000e-01 4.58321305e-12
9.28640000e-01 1.50032319e-12
9.30690000e-01 3.62087952e-11
9.30710000e-01 1.78466173e-12
9.31200000e-01 3.82568714e-11
9.39980000e-01 1.34040223e-11
9.44590000e-01 1.01793233e-10
9.57550000e-01 3.20601229e-12
9.60810000e-01 1.61079209e-12
9.61300000e-01 4.81431419e-12
9.62470000e-01 2.09844577e-12
9.66080000e-01 3.98454200e-11
9.66800000e-01 4.06164001e-11
9.75680000e-01 1.54024314e-11
9.80440000e-01 1.06382325e-10
9.90250000e-01 3.69218693e-12
9.94100000e-01 1.72442612e-12
9.95320000e-01 2.46581213e-12
9.97880000e-01 5.04262121e-12
1.00282000e+00 4.36848096e-11
1.00377000e+00 4.30448722e-11
1.01273000e+00 1.76211662e-11
1.01764000e+00 1.09850631e-10
1.02407000e+00 4.23399732e-12
1.02854000e+00 1.84075997e-12
1.02928000e+00 2.89568806e-12
1.03586000e+00 5.26767286e-12
1.04096000e+00 4.77366502e-11
1.04214000e+00 4.55379114e-11
1.05119000e+00 2.00405426e-11
1.05626000e+00 1.15186276e-10
1.05904000e+00 4.83552563e-12
1.06417000e+00 1.96053471e-12
1.06441000e+00 3.39544209e-12
1.07528000e+00 5.48907629e-12
1.08055000e+00 5.20109450e-11
1.08199000e+00 4.80913353e-11
1.09111000e+00 2.26516995e-11
1.09521000e+00 5.50060564e-12
1.09634000e+00 1.18419028e-10
1.10073000e+00 3.97334251e-12
1.10104000e+00 2.08321358e-12
1.11620000e+00 5.70648321e-12
1.12164000e+00 5.65176871e-11
1.12336000e+00 5.07004237e-11
1.13254000e+00 2.54698502e-11
1.13261000e+00 6.23371431e-12
1.13794000e+00 1.23185795e-10
1.13829000e+00 4.63896603e-12
1.13918000e+00 2.20957160e-12
1.15868000e+00 5.91958934e-12
1.16429000e+00 6.12622552e-11
1.16631000e+00 5.33608283e-11
1.17129000e+00 7.03923575e-12
1.17555000e+00 2.85124751e-11
1.17714000e+00 5.40317446e-12
1.17865000e+00 2.33945116e-12
1.18112000e+00 1.28566888e-10
1.20278000e+00 6.12813346e-12
1.20857000e+00 6.62371796e-11
1.21090000e+00 5.60682015e-11
1.21129000e+00 7.92219910e-12
1.21730000e+00 6.27755298e-12
1.21948000e+00 2.47329692e-12
1.22019000e+00 3.17997098e-11
1.22594000e+00 1.32340780e-10
1.24855000e+00 6.33189604e-12
1.25266000e+00 8.88782188e-12
1.25453000e+00 7.14309072e-11
1.25720000e+00 5.88167252e-11
1.25885000e+00 7.27285276e-12
1.26173000e+00 2.61248084e-12
1.26652000e+00 3.53496385e-11
1.27246000e+00 1.36321462e-10
1.29544000e+00 9.94192968e-12
1.29607000e+00 6.53069751e-12
1.30180000e+00 8.40136287e-12
1.30224000e+00 7.68207422e-11
1.30527000e+00 6.16012850e-11
1.30544000e+00 2.75886331e-12
1.31462000e+00 3.91624028e-11
1.32075000e+00 1.40328565e-10
1.33968000e+00 1.10904554e-11
1.34539000e+00 6.72439619e-12
1.34623000e+00 9.67381069e-12
1.35067000e+00 2.91309293e-12
1.35176000e+00 8.23788614e-11
1.35518000e+00 6.44174224e-11
1.36454000e+00 4.32319310e-11
1.37087000e+00 1.46249020e-10
1.38543000e+00 1.23386357e-11
1.39217000e+00 1.11043405e-11
1.39659000e+00 6.91288604e-12
1.39746000e+00 3.07534621e-12
1.40317000e+00 8.80883373e-11
1.40699000e+00 6.72600154e-11
1.41636000e+00 4.75470084e-11
1.42289000e+00 1.49822974e-10
1.43274000e+00 1.36911142e-11
1.43967000e+00 1.27089942e-11
1.44588000e+00 3.24668380e-12
1.44974000e+00 7.09609486e-12
1.45653000e+00 9.39431234e-11
1.46079000e+00 7.01221941e-11
1.47014000e+00 5.20940316e-11
1.47688000e+00 1.55990894e-10
1.48167000e+00 1.51625297e-11
1.48880000e+00 1.45035451e-11
1.49597000e+00 3.42689158e-12
1.50492000e+00 7.27398078e-12
1.51192000e+00 9.99267710e-11
1.51664000e+00 7.29982480e-11
1.52597000e+00 5.68491939e-11
1.53227000e+00 1.67832910e-11
1.53293000e+00 1.60278044e-10
1.53961000e+00 1.65043222e-11
1.54779000e+00 3.61641726e-12
1.56219000e+00 7.44652754e-12
1.56942000e+00 1.06012240e-10
1.57463000e+00 7.58755502e-11
1.58392000e+00 6.17812444e-11
1.58460000e+00 1.85768352e-11
1.59110000e+00 1.64570925e-10
1.59215000e+00 1.87270669e-11
1.60141000e+00 3.81611644e-12
1.62164000e+00 7.61374610e-12
1.62910000e+00 1.12180536e-10
1.63483000e+00 7.87469070e-11
1.63871000e+00 2.05479210e-11
1.64406000e+00 6.68683006e-11
1.64648000e+00 2.11848177e-11
1.65147000e+00 1.70265943e-10
1.65689000e+00 4.02578865e-12
1.68336000e+00 7.77566989e-12
1.69106000e+00 1.18431107e-10
1.69467000e+00 2.27005302e-11
1.69734000e+00 8.16012319e-11
1.70267000e+00 2.38920215e-11
1.70650000e+00 7.21133373e-11
1.71414000e+00 1.73641496e-10
1.71430000e+00 4.24471851e-12
1.74742000e+00 7.93235215e-12
1.75255000e+00 2.50450490e-11
1.75537000e+00 1.24767311e-10
1.76077000e+00 2.68692979e-11
1.76224000e+00 8.44360873e-11
1.77130000e+00 7.75241688e-11
1.77369000e+00 4.47425122e-12
1.77919000e+00 1.79766335e-10
1.81240000e+00 2.75938871e-11
1.81392000e+00 8.08386330e-12
1.82086000e+00 3.01363313e-11
1.82212000e+00 1.31180353e-10
1.82962000e+00 8.72420731e-11
1.83513000e+00 4.71237115e-12
1.83856000e+00 8.30933092e-11
1.84670000e+00 1.84755697e-10
1.87429000e+00 3.03582914e-11
1.88295000e+00 8.23028846e-12
1.88299000e+00 3.37101893e-11
1.89142000e+00 1.37656826e-10
1.89871000e+00 4.96073154e-12
1.89957000e+00 9.00197510e-11
1.90838000e+00 8.88095210e-11
1.91678000e+00 1.88699897e-10
1.93830000e+00 3.33494123e-11
1.94725000e+00 3.76061450e-11
1.95461000e+00 8.37172510e-12
1.96335000e+00 1.44189179e-10
1.96449000e+00 5.21781068e-12
1.97220000e+00 9.27520568e-11
1.98085000e+00 9.46662124e-11
1.98952000e+00 1.92646244e-10
2.00449000e+00 3.65807729e-11
2.01370000e+00 4.18475363e-11
2.02900000e+00 8.50828083e-12
2.03255000e+00 5.48322256e-12
2.03801000e+00 1.50769121e-10
2.04761000e+00 9.54192639e-11
2.05607000e+00 1.00656828e-10
2.06501000e+00 1.97106693e-10
2.07295000e+00 4.00651104e-11
2.08242000e+00 4.64589687e-11
2.10296000e+00 5.75697633e-12
2.10622000e+00 8.64007145e-12
2.11552000e+00 1.57386549e-10
2.12590000e+00 9.80234291e-11
2.13415000e+00 1.06773621e-10
2.14337000e+00 2.00406172e-10
2.14374000e+00 4.38160739e-11
2.15348000e+00 5.14622050e-11
2.17582000e+00 6.03962376e-12
2.18637000e+00 8.76721903e-12
2.19597000e+00 1.64033874e-10
2.20718000e+00 1.00570344e-10
2.21519000e+00 1.13008932e-10
2.21695000e+00 4.78457351e-11
2.22471000e+00 2.03716539e-10
2.22696000e+00 5.68773938e-11
2.25120000e+00 6.33093256e-12
2.26958000e+00 8.88985034e-12
2.27948000e+00 1.70701521e-10
2.29157000e+00 1.03064935e-10
2.29266000e+00 5.21681957e-11
2.29931000e+00 1.19353792e-10
2.30296000e+00 6.27275322e-11
2.30913000e+00 2.07783328e-10
2.32919000e+00 6.62984383e-12
2.35596000e+00 9.00809532e-12
2.36616000e+00 1.77381716e-10
2.37096000e+00 5.67980932e-11
2.37919000e+00 1.05500852e-10
2.38155000e+00 6.90410831e-11
2.38662000e+00 1.25800815e-10
2.39675000e+00 2.13155282e-10
2.40988000e+00 6.93625462e-12
2.44562000e+00 9.12208587e-12
2.45193000e+00 6.17513086e-11
2.45615000e+00 1.84064902e-10
2.46282000e+00 7.58446359e-11
2.47015000e+00 1.07887967e-10
2.47725000e+00 1.32340966e-10
2.48770000e+00 2.18166879e-10
2.49337000e+00 7.25065585e-12
2.53566000e+00 6.70437447e-11
2.53869000e+00 9.23195469e-12
2.54686000e+00 8.31643978e-11
2.54955000e+00 1.90745196e-10
2.56460000e+00 1.10218822e-10
2.57132000e+00 1.38966702e-10
2.57975000e+00 7.57291472e-12
2.58211000e+00 2.21280179e-10
2.62225000e+00 7.26914316e-11
2.63377000e+00 9.10251044e-11
2.63530000e+00 9.33783436e-12
2.64651000e+00 1.97413739e-10
2.66265000e+00 1.12496082e-10
2.66897000e+00 1.45668897e-10
2.66912000e+00 7.90310031e-12
2.68009000e+00 2.27973057e-10
2.71181000e+00 7.87104542e-11
2.72365000e+00 9.94505422e-11
2.73559000e+00 9.43985655e-12
2.74716000e+00 2.04063739e-10
2.76159000e+00 8.24088712e-12
2.76446000e+00 1.14718088e-10
2.77032000e+00 1.52440678e-10
2.78179000e+00 2.29794766e-10
2.80442000e+00 8.51193136e-11
2.81660000e+00 1.08467229e-10
2.83970000e+00 9.53815134e-12
2.85163000e+00 2.10689263e-10
2.85726000e+00 8.58625518e-12
2.87016000e+00 1.16883238e-10
2.87552000e+00 1.59273178e-10
2.88735000e+00 2.32712471e-10
2.90019000e+00 9.19348300e-11
2.91271000e+00 1.18106918e-10
2.94777000e+00 9.63284816e-12
2.95625000e+00 8.93793033e-12
2.96007000e+00 2.17283446e-10
2.97990000e+00 1.18993535e-10
2.98471000e+00 1.66158856e-10
2.99692000e+00 2.37159226e-10
2.99923000e+00 9.91743496e-11
3.01211000e+00 1.28397369e-10
3.05867000e+00 9.29919054e-12
3.05996000e+00 9.72405356e-12
3.07264000e+00 2.23839856e-10
3.09383000e+00 1.21052844e-10
3.09806000e+00 1.73088646e-10
3.10166000e+00 1.06855280e-10
3.11064000e+00 2.41242390e-10
3.11490000e+00 1.39367753e-10
3.16463000e+00 9.66708372e-12
3.17641000e+00 9.81192368e-12
3.18949000e+00 2.30353126e-10
3.20758000e+00 1.14997137e-10
3.21212000e+00 1.23059520e-10
3.21570000e+00 1.80056403e-10
3.22119000e+00 1.51046239e-10
3.22868000e+00 2.43426721e-10
3.27427000e+00 1.00422186e-11
3.29729000e+00 9.89656110e-12
3.31079000e+00 2.36817529e-10
3.31712000e+00 1.23618266e-10
3.33111000e+00 1.63458972e-10
3.33494000e+00 1.25005893e-10
3.33782000e+00 1.87052926e-10
3.35120000e+00 2.45833041e-10
3.38770000e+00 1.04243527e-11
3.42278000e+00 9.97808201e-12
3.43040000e+00 1.32738098e-10
3.43670000e+00 2.43228619e-10
3.44479000e+00 1.76633247e-10
3.46245000e+00 1.26900643e-10
3.46457000e+00 1.94071790e-10
3.47837000e+00 2.48936771e-10
3.50507000e+00 1.08141990e-11
3.54755000e+00 1.42375483e-10
3.55304000e+00 1.00565992e-11
3.56234000e+00 1.90604129e-10
3.56739000e+00 2.49581735e-10
3.59483000e+00 1.28747142e-10
3.59613000e+00 2.01105399e-10
3.61036000e+00 2.53203148e-10
3.62650000e+00 1.12109249e-11
3.66870000e+00 1.52549639e-10
3.68391000e+00 2.05402563e-10
3.68826000e+00 1.01322220e-11
3.70306000e+00 2.55871927e-10
3.73228000e+00 1.30538600e-10
3.73269000e+00 2.08146194e-10
3.74736000e+00 2.54567345e-10
3.75213000e+00 1.16149307e-11
3.79399000e+00 1.63280916e-10
3.80962000e+00 2.21057952e-10
3.82862000e+00 1.02050563e-11
3.84388000e+00 2.62095612e-10
3.87444000e+00 2.15187096e-10
3.87498000e+00 1.32282164e-10
3.88212000e+00 1.20260018e-11
3.88956000e+00 2.61536072e-10
3.92356000e+00 1.74590099e-10
3.93962000e+00 2.37594180e-10
3.97433000e+00 1.02752042e-11
3.99006000e+00 2.68248831e-10
4.01662000e+00 1.24442259e-11
4.02156000e+00 2.22222224e-10
4.02314000e+00 1.33972255e-10
4.03716000e+00 2.63258913e-10
4.05755000e+00 1.86496469e-10
4.07406000e+00 2.55040084e-10
4.12558000e+00 1.03427648e-11
4.14180000e+00 2.74327810e-10
4.15577000e+00 1.28690747e-11
4.17428000e+00 2.29243578e-10
4.17696000e+00 1.35611341e-10
4.19036000e+00 2.64816958e-10
4.19612000e+00 1.99016732e-10
4.21309000e+00 2.73426766e-10
4.28259000e+00 1.04078333e-11
4.29931000e+00 2.80329812e-10
4.29974000e+00 1.33003726e-11
4.33279000e+00 2.36245960e-10
4.33667000e+00 1.37204491e-10
4.33942000e+00 2.12171699e-10
4.34937000e+00 2.69249690e-10
4.35686000e+00 2.92788399e-10
4.44557000e+00 1.04705017e-11
4.44870000e+00 1.37389859e-11
4.46281000e+00 2.86251555e-10
4.48761000e+00 2.25983246e-10
4.49733000e+00 2.43222157e-10
4.50248000e+00 1.38746240e-10
4.50554000e+00 3.13158110e-10
4.51441000e+00 2.70990940e-10
4.60282000e+00 1.41839436e-11
4.61475000e+00 1.05308590e-11
4.63253000e+00 2.92090494e-10
4.64086000e+00 2.40472601e-10
4.65929000e+00 3.34568087e-10
4.66811000e+00 2.50167138e-10
4.67463000e+00 1.40247686e-10
4.68572000e+00 2.73668735e-10
4.76228000e+00 1.46348549e-11
4.79038000e+00 1.05889905e-11
4.79935000e+00 2.55660121e-10
4.80870000e+00 2.97844382e-10
4.81828000e+00 3.57046774e-10
4.84538000e+00 2.57074610e-10
4.85336000e+00 1.41700352e-10
4.86353000e+00 2.76075951e-10
4.92727000e+00 1.50932438e-11
4.96325000e+00 2.71569146e-10
4.97268000e+00 1.06449787e-11
4.98271000e+00 3.80624136e-10
4.99157000e+00 3.03510778e-10
5.02938000e+00 2.63939331e-10
5.03893000e+00 1.43106862e-10
5.04809000e+00 2.79135431e-10
5.09797000e+00 1.55574887e-11
5.13275000e+00 2.88223575e-10
5.15274000e+00 4.05343138e-10
5.16193000e+00 1.06989031e-11
5.18139000e+00 3.09088169e-10
5.22036000e+00 2.70756406e-10
5.23159000e+00 1.44468680e-10
5.23965000e+00 2.82646150e-10
5.27458000e+00 1.60285514e-11
5.30803000e+00 3.05654483e-10
5.32858000e+00 4.31242562e-10
5.35838000e+00 1.07508401e-11
5.37844000e+00 3.14573985e-10
5.41860000e+00 2.77520114e-10
5.43161000e+00 1.45789324e-10
5.43848000e+00 2.85217000e-10
5.45732000e+00 1.65055987e-11
5.48931000e+00 3.23898350e-10
5.51042000e+00 4.58367927e-10
5.56230000e+00 1.08008350e-11
5.58298000e+00 3.19967713e-10
5.62437000e+00 2.84226292e-10
5.63929000e+00 1.47068737e-10
5.64485000e+00 2.85823576e-10
5.64638000e+00 1.69867203e-11
5.67677000e+00 3.42988227e-10
5.69846000e+00 4.86759356e-10
5.77398000e+00 1.08490124e-11
5.79529000e+00 3.25267569e-10
5.83795000e+00 2.90870273e-10
5.84200000e+00 1.74755273e-11
5.85490000e+00 1.48310814e-10
5.85905000e+00 2.90189270e-10
5.87063000e+00 3.62933841e-10
5.89292000e+00 5.16443958e-10
5.99372000e+00 1.08954151e-11
6.01568000e+00 3.30472750e-10
6.04439000e+00 1.79696397e-11
6.05964000e+00 2.97448203e-10
6.07112000e+00 3.83748672e-10
6.07876000e+00 1.49506648e-10
6.08139000e+00 2.90793737e-10
6.09401000e+00 5.47456781e-10
6.22183000e+00 1.09401088e-11
6.24446000e+00 3.35581759e-10
6.25379000e+00 1.84699597e-11
6.27845000e+00 4.05472922e-10
6.28975000e+00 3.03955660e-10
6.30197000e+00 5.79853818e-10
6.31118000e+00 1.50665712e-10
6.31216000e+00 2.93043321e-10
6.45861000e+00 1.09831567e-11
6.47045000e+00 1.89762381e-11
6.48193000e+00 3.40594783e-10
6.49286000e+00 4.28149024e-10
6.51703000e+00 6.13692701e-10
6.52860000e+00 3.10389350e-10
6.55168000e+00 2.95081205e-10
6.55249000e+00 1.51790103e-10
6.69461000e+00 1.94854267e-11
6.70441000e+00 1.10246199e-11
6.71460000e+00 4.51816911e-10
6.72843000e+00 3.45510773e-10
6.73942000e+00 6.49006700e-10
6.77651000e+00 3.16745882e-10
6.80030000e+00 2.98684822e-10
6.80302000e+00 1.52876948e-10
6.92654000e+00 2.00026174e-11
6.94391000e+00 4.76514589e-10
6.95956000e+00 1.10645570e-11
6.96940000e+00 6.85820717e-10
6.98431000e+00 3.50329386e-10
7.03385000e+00 3.23021596e-10
7.05835000e+00 2.99871362e-10
7.06313000e+00 1.53926423e-10
7.16650000e+00 2.05230313e-11
7.18104000e+00 5.02259227e-10
7.20723000e+00 7.24184425e-10
7.22442000e+00 1.11030244e-11
7.24992000e+00 3.55050613e-10
7.30095000e+00 3.29214268e-10
7.32620000e+00 3.02017512e-10
7.33319000e+00 1.54941862e-10
7.41478000e+00 2.10484582e-11
7.42628000e+00 5.29058644e-10
7.45318000e+00 7.64155225e-10
7.49936000e+00 1.11400765e-11
7.52563000e+00 3.59674157e-10
7.57820000e+00 3.35320613e-10
7.60420000e+00 3.02700773e-10
7.61357000e+00 1.55929998e-10
7.67166000e+00 2.15792565e-11
7.67989000e+00 5.56953835e-10
7.70752000e+00 8.05788342e-10
7.78476000e+00 1.11757656e-11
7.81182000e+00 3.64200591e-10
7.86597000e+00 3.41338874e-10
7.89276000e+00 3.04518782e-10
7.90467000e+00 1.56875665e-10
7.93743000e+00 2.21136742e-11
7.94216000e+00 5.85997492e-10
7.97054000e+00 8.49134835e-10
8.08102000e+00 1.12101422e-11
8.10890000e+00 3.68629407e-10
8.16467000e+00 3.47266168e-10
8.19226000e+00 3.06491434e-10
8.20690000e+00 1.57792417e-10
8.21242000e+00 2.26561926e-11
8.21339000e+00 6.16230428e-10
8.24253000e+00 8.94245436e-10
8.38856000e+00 1.12432546e-11
8.41727000e+00 3.72961809e-10
8.47472000e+00 3.53101030e-10
8.49388000e+00 6.47686509e-10
8.49693000e+00 2.31983499e-11
8.50314000e+00 3.05449578e-10
8.52069000e+00 1.58688616e-10
8.52381000e+00 9.41165947e-10
8.70781000e+00 1.12751497e-11
8.73737000e+00 3.77197435e-10
8.78396000e+00 6.80403110e-10
8.79130000e+00 2.37479688e-11
8.79654000e+00 3.58841302e-10
8.81468000e+00 9.89956406e-10
8.82580000e+00 3.11381660e-10
8.84647000e+00 1.59539992e-10
9.03920000e+00 1.13058724e-11
9.06965000e+00 3.81337458e-10
9.08393000e+00 7.14427511e-10
9.09587000e+00 2.42987499e-11
9.11548000e+00 1.04068054e-09
9.13058000e+00 3.64486029e-10
9.16072000e+00 3.12729905e-10
9.18471000e+00 1.60373128e-10
9.38320000e+00 1.13354659e-11
9.39415000e+00 7.49801509e-10
9.41098000e+00 2.48558155e-11
9.41456000e+00 3.85382172e-10
9.42654000e+00 1.09340377e-09
9.47731000e+00 3.70033254e-10
9.50834000e+00 3.13693737e-10
9.53589000e+00 1.61170092e-10
9.71497000e+00 7.86568961e-10
9.73702000e+00 2.54183480e-11
9.74030000e+00 1.13639720e-11
9.74822000e+00 1.14818531e-09
9.77259000e+00 3.89332631e-10
9.83720000e+00 3.75482480e-10
9.86915000e+00 3.13640168e-10
9.90049000e+00 1.61943046e-10
1.00467400e+01 8.24777139e-10
1.00743500e+01 2.59817844e-11
1.00808800e+01 1.20508835e-09
1.01109900e+01 1.13914307e-11
1.01442400e+01 3.93189465e-10
1.02107600e+01 3.80832373e-10
1.02436600e+01 3.05856101e-10
1.02790300e+01 1.62694832e-10
1.03898400e+01 8.64474525e-10
1.04233700e+01 2.65507641e-11
1.04248900e+01 1.26418018e-09
1.04957800e+01 1.14178448e-11
1.05300100e+01 3.96953823e-10
1.05985000e+01 3.86082407e-10
1.06323700e+01 3.17415989e-10
1.06720400e+01 1.63413287e-10
1.07446600e+01 9.05710427e-10
1.07806400e+01 1.32552939e-09
1.07844700e+01 2.71200510e-11
1.08952200e+01 1.14433204e-11
1.09304600e+01 4.00626650e-10
1.10009700e+01 3.91232001e-10
1.10358400e+01 3.07908220e-10
1.10800800e+01 1.64110122e-10
1.11116000e+01 9.48534560e-10
1.11485300e+01 1.38921011e-09
1.11580900e+01 2.76954584e-11
1.13098600e+01 1.14678601e-11
1.13461400e+01 4.04208783e-10
1.14187200e+01 3.96280582e-10
1.14546100e+01 3.09643079e-10
1.14910600e+01 9.93000486e-10
1.15037200e+01 1.64784436e-10
1.15289700e+01 1.45529821e-09
1.15446500e+01 2.82723716e-11
1.17402700e+01 1.14914985e-11
1.17776300e+01 4.07701831e-10
1.18523400e+01 4.01228300e-10
1.18834900e+01 1.03916396e-09
1.18892800e+01 3.15884640e-10
1.19224000e+01 1.52386746e-09
1.19435600e+01 1.65435660e-10
1.19446100e+01 2.88531484e-11
1.21870700e+01 1.15142687e-11
1.22255200e+01 4.11106507e-10
1.22893200e+01 1.08708585e-09
1.23024200e+01 4.06074620e-10
1.23292500e+01 1.59499745e-09
1.23404400e+01 3.15286891e-10
1.23584200e+01 2.94385761e-11
1.24002200e+01 1.66064763e-10
1.26508800e+01 1.15362027e-11
1.26904500e+01 4.14424562e-10
1.27090000e+01 1.13682363e-09
1.27499800e+01 1.66877129e-09
1.27696000e+01 4.10820156e-10
1.27865600e+01 3.00246880e-11
1.28087300e+01 3.22730224e-10
1.28743400e+01 1.66665561e-10
1.31323300e+01 1.15573314e-11
1.31430200e+01 1.18843287e-09
1.31730600e+01 4.17656738e-10
1.31850700e+01 1.74527373e-09
1.32295400e+01 3.06141850e-11
1.32545100e+01 4.15464617e-10
1.32947800e+01 3.21980209e-10
1.33665800e+01 1.67251445e-10
1.35918600e+01 1.24198203e-09
1.36321100e+01 1.15776843e-11
1.36350100e+01 1.82459316e-09
1.36740200e+01 4.20804925e-10
1.36878700e+01 3.12042172e-11
1.37578400e+01 4.20008827e-10
1.37992700e+01 3.24215460e-10
1.38776400e+01 1.67817801e-10
1.40560300e+01 1.29754128e-09
1.41003100e+01 1.90681919e-09
1.41509000e+01 1.15972901e-11
1.41620700e+01 3.17985455e-11
1.41940300e+01 4.23870051e-10
1.42802800e+01 4.24452816e-10
1.43229200e+01 3.25796468e-10
1.44082500e+01 1.68360746e-10
1.45360500e+01 1.35517292e-09
1.45814800e+01 1.99204873e-09
1.46527100e+01 3.23957330e-11
1.46894500e+01 1.16161763e-11
1.47338200e+01 4.26853765e-10
1.48225600e+01 4.28797486e-10
1.48664300e+01 3.18494281e-10
1.49591400e+01 1.68883593e-10
1.50324700e+01 1.41493538e-09
1.50790700e+01 2.08037766e-09
1.51603300e+01 3.29920864e-11
1.52484800e+01 1.16343693e-11
1.52941400e+01 4.29757397e-10
1.53854300e+01 4.33043379e-10
1.54305600e+01 3.28358610e-10
1.55311000e+01 1.69391893e-10
1.55458300e+01 1.47691826e-09
1.55936400e+01 2.17190737e-09
1.56855500e+01 3.35947172e-11
1.58287900e+01 1.16518946e-11
1.58757600e+01 4.32582394e-10
1.59696800e+01 4.37191192e-10
1.60161100e+01 3.28368198e-10
1.60767300e+01 1.54122490e-09
1.61249200e+01 1.69883238e-10
1.61257700e+01 2.26674238e-09
1.62289600e+01 3.41959408e-11
1.64311900e+01 1.16687768e-11
1.64795000e+01 4.35330389e-10
1.65761200e+01 4.41242043e-10
1.66238700e+01 3.32156008e-10
1.66257600e+01 1.60791958e-09
1.66760700e+01 2.36498938e-09
1.67414500e+01 1.70352402e-10
1.67912000e+01 3.48012015e-11
1.70565100e+01 1.16850397e-11
1.71062100e+01 4.38002480e-10
1.71935400e+01 1.67702460e-09
1.72055800e+01 4.45196575e-10
1.72451300e+01 2.46676612e-09
1.72546900e+01 3.28163629e-10
1.73729200e+01 3.54057380e-11
1.73815500e+01 1.70806439e-10
1.77056300e+01 1.17007059e-11
1.77567400e+01 4.40600716e-10
1.77807100e+01 1.74861753e-09
1.78336200e+01 2.57218255e-09
1.78589500e+01 4.49056267e-10
1.79094600e+01 3.23793500e-10
1.79747900e+01 3.60155955e-11
1.80461300e+01 1.71248177e-10
1.83794500e+01 1.17157974e-11
1.83879300e+01 1.82284961e-09
1.84320200e+01 4.43125987e-10
1.84421900e+01 2.68135888e-09
1.85371200e+01 4.52821698e-10
1.85890700e+01 3.33866280e-10
1.85975100e+01 3.66238056e-11
1.87361200e+01 1.71670681e-10
1.90158900e+01 1.89984053e-09
1.90715300e+01 2.79441719e-09
1.90789200e+01 1.17303354e-11
1.91329800e+01 4.45580377e-10
1.92410500e+01 4.56494611e-10
1.92418000e+01 3.72352548e-11
1.92944600e+01 3.33974417e-10
1.94524800e+01 1.72077979e-10
1.96652900e+01 1.97964617e-09
1.97223500e+01 2.91148721e-09
1.98050000e+01 1.17443402e-11
1.98605900e+01 4.47964922e-10
1.99084100e+01 3.78470047e-11
1.99717200e+01 4.60075594e-10
2.00266300e+01 3.37032441e-10
2.01962400e+01 1.72470405e-10
2.03368700e+01 2.06233191e-09
2.03953700e+01 3.03270421e-09
2.05587200e+01 1.17577899e-11
2.05981200e+01 3.84601488e-11
2.06158700e+01 4.50281518e-10
2.07301200e+01 4.63566598e-10
2.07865800e+01 3.35898067e-10
2.09684300e+01 1.72854413e-10
2.10313800e+01 2.14800811e-09
2.10913600e+01 3.15820128e-09
2.13117300e+01 3.90758610e-11
2.13411200e+01 1.17707835e-11
2.13998800e+01 4.52531353e-10
2.15173300e+01 4.66968419e-10
2.15753700e+01 3.29960943e-10
2.17496200e+01 2.23678658e-09
2.17701500e+01 1.73219219e-10
2.18111000e+01 3.28811931e-09
2.20500500e+01 3.96906584e-11
2.21533000e+01 1.17833005e-11
2.22137000e+01 4.54716126e-10
2.23344300e+01 4.70282738e-10
2.23940900e+01 3.30445479e-10
2.24923800e+01 2.32877300e-09
2.25554000e+01 3.42260856e-09
2.26025200e+01 1.73574549e-10
2.28139600e+01 4.03085570e-11
2.29963900e+01 1.17953583e-11
2.30584700e+01 4.56837290e-10
2.31825600e+01 4.73510880e-10
2.32438800e+01 3.33394749e-10
2.32605000e+01 2.42407024e-09
2.33251100e+01 3.56182037e-09
2.34667200e+01 1.73913123e-10
2.36043300e+01 4.09267733e-11
2.38715600e+01 1.18069739e-11
2.39353700e+01 4.58896210e-10
2.40548600e+01 2.52278405e-09
2.40629000e+01 4.76654168e-10
2.41210700e+01 3.70590914e-09
2.41259100e+01 3.30045366e-10
2.43639600e+01 1.74241283e-10
2.44220800e+01 4.15446983e-11
2.47800400e+01 1.18181635e-11
2.48456100e+01 4.60894619e-10
2.48763500e+01 2.62502896e-09
2.49442000e+01 3.85502390e-09
2.49766700e+01 4.79714365e-10
2.50414100e+01 3.39620392e-10
2.52681600e+01 4.21655849e-11
2.52955100e+01 1.74558846e-10
2.57231000e+01 1.18289427e-11
2.57258900e+01 2.73094400e-09
2.57904700e+01 4.62833619e-10
2.57954200e+01 4.00934039e-09
2.59251300e+01 4.82692575e-10
2.59916600e+01 3.36530147e-10
2.61435500e+01 4.27865563e-11
2.62626700e+01 1.74862539e-10
2.66044400e+01 2.84067723e-09
2.66756900e+01 4.16904336e-09
2.67020400e+01 1.18393267e-11
2.67712700e+01 4.64715046e-10
2.69096200e+01 4.85590762e-10
2.69779700e+01 3.41557616e-10
2.70492700e+01 4.34060870e-11
2.72668100e+01 1.75155334e-10
2.75130000e+01 2.95435408e-09
2.75859900e+01 4.33431300e-09
2.77182400e+01 1.18493299e-11
2.77893600e+01 4.66539934e-10
2.79314900e+01 4.88409936e-10
2.79863700e+01 4.40289569e-11
2.80017000e+01 3.32336065e-10
2.83093400e+01 1.75441647e-10
2.84525800e+01 3.07209300e-09
2.85273600e+01 4.50532281e-09
2.87731100e+01 1.18589664e-11
2.88461700e+01 4.68310082e-10
2.89559300e+01 4.46519637e-11
2.89921600e+01 4.91152204e-10
2.90642800e+01 3.36611498e-10
2.93917400e+01 1.75719958e-10
2.94242500e+01 3.19402339e-09
2.95008600e+01 4.68225518e-09
2.98681300e+01 1.18682496e-11
2.99431700e+01 4.70026521e-10
2.99590800e+01 4.52742293e-11
3.00931100e+01 4.93818579e-10
3.01671800e+01 3.42017640e-10
3.04291000e+01 3.32028879e-09
3.05075700e+01 4.86530164e-09
3.05155200e+01 1.75975296e-10
3.09969900e+01 4.58996022e-11
3.10048200e+01 1.18771925e-11
3.10818800e+01 4.71690909e-10
3.12358700e+01 4.96411023e-10
3.13119300e+01 3.34286402e-10
3.14682700e+01 3.45105296e-09
3.15486400e+01 5.05466745e-09
3.16822700e+01 1.76230068e-10
3.20708500e+01 4.65221809e-11
3.21847700e+01 1.18858076e-11
3.22639000e+01 4.73304388e-10
3.24220300e+01 4.98930807e-10
3.25001200e+01 3.43644740e-10
3.25429300e+01 3.58650160e-09
3.26252400e+01 5.25058132e-09
3.28936200e+01 1.76475286e-10
3.31819200e+01 4.71472071e-11
3.34096200e+01 1.18940608e-11
3.34908800e+01 4.74868346e-10
3.36532200e+01 5.01379646e-10
3.36542900e+01 3.72678464e-09
3.37334000e+01 3.42813682e-10
3.37385700e+01 5.45327030e-09
3.41513000e+01 1.76710382e-10
3.43314700e+01 4.77703699e-11
3.46810900e+01 1.19019013e-11
3.47645100e+01 4.76384142e-10
3.48036000e+01 3.87200230e-09
3.48898900e+01 5.66294979e-09
3.49311700e+01 5.03759072e-10
3.50134800e+01 3.40211359e-10
3.54570600e+01 1.76938834e-10
3.55208600e+01 4.83969044e-11
3.59921600e+01 4.02230174e-09
3.60009500e+01 1.19094546e-11
3.60805100e+01 5.87983758e-09
3.60865800e+01 4.77852900e-10
3.62576500e+01 5.06070474e-10
3.63421400e+01 3.43365061e-10
3.67514400e+01 4.90207451e-11
3.68127400e+01 1.77166472e-10
3.72213200e+01 4.17792046e-09
3.73117500e+01 6.10416221e-09
3.73710400e+01 1.19167312e-11
3.74589300e+01 4.79276108e-10
3.76345100e+01 5.08315671e-10
3.77212100e+01 3.39314801e-10
3.80246700e+01 4.96472597e-11
3.82202600e+01 1.77373135e-10
3.84924400e+01 4.33908902e-09
3.85850100e+01 6.33616544e-09
3.87932700e+01 1.19237412e-11
3.88834600e+01 4.80654748e-10
3.90636400e+01 5.10495844e-10
3.91526200e+01 3.45088435e-10
3.93420000e+01 5.02725620e-11
3.96815900e+01 1.77577288e-10
3.98069800e+01 4.50596877e-09
3.99017300e+01 6.57613053e-09
4.02696200e+01 1.19304510e-11
4.03621700e+01 4.81990360e-10
4.05470500e+01 5.12612926e-10
4.06383400e+01 3.48889748e-10
4.07049600e+01 5.08981238e-11
4.11664100e+01 4.67873067e-09
4.11988000e+01 1.77773463e-10
4.12633700e+01 6.82435093e-09
4.18021600e+01 1.19369541e-11
4.18971100e+01 4.83283841e-10
4.20867900e+01 5.14667977e-10
4.21151500e+01 5.15238271e-11
4.21804400e+01 3.43454722e-10
4.25722600e+01 4.85758489e-09
4.26714800e+01 7.08108820e-09
4.27740200e+01 1.77963846e-10
4.33930300e+01 1.19432189e-11
4.34904300e+01 4.84536672e-10
4.35741900e+01 5.21490552e-11
4.36850000e+01 5.16662932e-10
4.37810600e+01 3.44117882e-10
4.40261300e+01 5.04275053e-09
4.41276400e+01 7.34661229e-09
4.44094600e+01 1.78150465e-10
4.50444300e+01 1.19492541e-11
4.50837800e+01 5.27760110e-11
4.51443400e+01 4.85749775e-10
4.53438900e+01 5.18598903e-10
4.54424200e+01 3.46645654e-10
4.55296400e+01 5.23444668e-09
4.56334900e+01 7.62121930e-09
4.61074400e+01 1.78323386e-10
4.66456700e+01 5.34001300e-11
4.67586900e+01 1.19550680e-11
4.68611500e+01 4.86924461e-10
4.70657900e+01 5.20477600e-10
4.70845100e+01 5.43288849e-09
4.71668200e+01 3.49841124e-10
4.71907300e+01 7.90521610e-09
4.78703400e+01 1.78493284e-10
4.82616600e+01 5.40260095e-11
4.85381800e+01 1.19606689e-11
4.86432400e+01 4.88061750e-10
4.86924700e+01 5.63829534e-09
4.88011100e+01 8.19890107e-09
4.88530700e+01 5.22300324e-10
4.89566600e+01 3.42682175e-10
4.97006400e+01 1.78651142e-10
4.99336500e+01 5.46521101e-11
5.03553400e+01 5.85088831e-09
5.03854000e+01 1.19660646e-11
5.04664400e+01 8.50257579e-09
5.04931100e+01 4.89162732e-10
5.07082200e+01 5.24068533e-10
5.08144200e+01 3.41770260e-10
5.16009200e+01 1.78809688e-10
5.16635500e+01 5.52783105e-11
5.20750000e+01 6.07092707e-09
5.21886100e+01 8.81657827e-09
5.23029100e+01 1.19712626e-11
5.24133200e+01 4.90228541e-10
5.26338200e+01 5.25783698e-10
5.27426700e+01 3.50356105e-10
5.34533900e+01 5.59027927e-11
5.35738500e+01 1.78958396e-10
5.38533900e+01 6.29869539e-09
5.39695400e+01 9.14128006e-09
5.42934100e+01 1.19762701e-11
5.44065600e+01 4.91260068e-10
5.46325400e+01 5.27447023e-10
5.47441000e+01 3.49951575e-10
5.53052300e+01 5.65271706e-11
5.56222300e+01 1.79105277e-10
5.56925100e+01 6.53445590e-09
5.58112400e+01 9.47704648e-09
5.63596500e+01 1.19810942e-11
5.64756100e+01 4.92258514e-10
5.67071700e+01 5.29060122e-10
5.68214700e+01 3.46133084e-10
5.72212300e+01 5.71537493e-11
5.75944400e+01 6.77845555e-09
5.77158000e+01 9.82424207e-09
5.77489200e+01 1.79245233e-10
5.85045300e+01 1.19857416e-11
5.86233300e+01 4.93224646e-10
5.88605700e+01 5.30624017e-10
5.89776700e+01 3.50411041e-10
5.92036100e+01 5.77800071e-11
5.95613200e+01 7.03097378e-09
5.96853500e+01 1.01832511e-08
5.99569200e+01 1.79383337e-10
6.07310300e+01 1.19902188e-11
6.08527300e+01 4.94159661e-10
6.10957500e+01 5.32140365e-10
6.12156900e+01 3.41216176e-10
6.12546700e+01 5.84033242e-11
6.15953700e+01 7.29232139e-09
6.17221000e+01 1.05544710e-08
6.22493500e+01 1.79516183e-10
6.30422700e+01 1.19945320e-11
6.31669200e+01 4.95064260e-10
6.33767800e+01 5.90263614e-11
6.34158000e+01 5.33610106e-10
6.35386400e+01 3.52304629e-10
6.36988900e+01 7.56280746e-09
6.38283700e+01 1.09382995e-08
6.46294200e+01 1.79635488e-10
6.54414700e+01 1.19986874e-11
6.55691100e+01 4.95939565e-10
6.55724100e+01 5.96519109e-11
6.58239600e+01 5.35034810e-10
6.58742400e+01 7.84273689e-09
6.59497400e+01 3.47051971e-10
6.60065000e+01 1.13351496e-08
6.71005000e+01 1.79758653e-10
6.78441100e+01 6.02745737e-11
6.79319700e+01 1.20026906e-11
6.80626600e+01 4.96786303e-10
6.81238800e+01 8.13242181e-09
6.82589700e+01 1.17454393e-08
6.83235700e+01 5.36415464e-10
6.84523300e+01 3.51610554e-10
6.96660600e+01 1.79869175e-10
7.01945100e+01 6.08981805e-11
7.04503400e+01 8.43218898e-09
7.05172600e+01 1.20065474e-11
7.05883000e+01 1.21696164e-08
7.06510300e+01 4.97605448e-10
7.09181000e+01 5.37753455e-10
7.10498900e+01 3.44489934e-10
7.23297100e+01 1.79990948e-10
7.26263300e+01 6.15206163e-11
7.28562600e+01 8.74238836e-09
7.29971200e+01 1.26081387e-08
7.32009300e+01 1.20102630e-11
7.33378400e+01 4.98397799e-10
7.36111500e+01 5.39049890e-10
7.37460200e+01 3.44534721e-10
7.50952000e+01 1.80092947e-10
7.51424100e+01 6.21432310e-11
7.53443400e+01 9.06342245e-09
7.54881400e+01 1.30614795e-08
7.59867400e+01 1.20138427e-11
7.61268200e+01 4.99164163e-10
7.64064600e+01 5.40305921e-10
7.65444600e+01 3.51669639e-10
7.77456500e+01 6.27668150e-11
7.79173900e+01 9.39570554e-09
7.79664300e+01 1.80202408e-10
7.80641700e+01 1.35301401e-08
7.88785600e+01 1.20172487e-11
7.90218700e+01 4.99905410e-10
7.93079300e+01 5.41522773e-10
7.94490900e+01 3.49896084e-10
8.04390800e+01 6.33885394e-11
8.05783100e+01 9.73964215e-09
8.07281000e+01 1.40146879e-08
8.09474400e+01 1.80298505e-10
8.18804400e+01 1.20205687e-11
8.20270100e+01 5.00622203e-10
8.23195800e+01 5.42701392e-10
8.24639400e+01 3.42269902e-10
8.32258200e+01 6.40082894e-11
8.33301000e+01 1.00955889e-08
8.34829400e+01 1.45156880e-08
8.40424300e+01 1.80402261e-10
8.49965700e+01 1.20237671e-11
8.51464400e+01 5.01315452e-10
8.54455900e+01 5.43843092e-10
8.55932000e+01 3.55417959e-10
8.61091000e+01 6.46322244e-11
8.61758700e+01 1.04636716e-08
8.63317900e+01 1.50335836e-08
8.72557500e+01 1.80490453e-10
8.82312800e+01 1.20268484e-11
8.83845000e+01 5.01985721e-10
8.86903100e+01 5.44948674e-10
8.88412000e+01 3.51211811e-10
8.90922700e+01 6.52492360e-11
8.91188200e+01 1.08440251e-08
8.92778600e+01 1.55688106e-08
9.05919400e+01 1.80580570e-10
9.15890900e+01 1.20298168e-11
9.17456900e+01 5.02633905e-10
9.20582500e+01 5.46019453e-10
9.21622700e+01 1.12373812e-08
9.21787900e+01 6.58714862e-11
9.22124500e+01 3.49363267e-10
9.23244600e+01 1.61220215e-08
9.40556800e+01 1.80666745e-10
9.50747000e+01 1.20326765e-11
9.52347100e+01 5.03260534e-10
9.53096600e+01 1.16446987e-08
9.53722500e+01 6.64907955e-11
9.54750200e+01 1.66939638e-08
9.55540800e+01 5.47056195e-10
9.57116300e+01 3.49881959e-10
9.76518600e+01 1.80748588e-10
9.85645400e+01 1.20664075e-08
9.86763300e+01 6.71103939e-11
9.86929500e+01 1.20354315e-11
9.87331000e+01 1.72852505e-08
9.88564200e+01 5.03866420e-10
9.91826600e+01 5.48060110e-10
9.93436000e+01 3.53262817e-10
1.01385530e+02 1.80828778e-10
1.01930570e+02 1.25026518e-08
1.02094880e+02 6.77284478e-11
1.02102360e+02 1.78964297e-08
1.02448910e+02 1.20380857e-11
1.02615860e+02 5.04452125e-10
1.02949030e+02 5.49032007e-10
1.03113390e+02 3.52438321e-10
1.05261960e+02 1.80902825e-10
1.05411550e+02 1.29538405e-08
1.05586590e+02 1.85281214e-08
1.05631870e+02 6.83471772e-11
1.06347800e+02 1.20406428e-11
1.06518260e+02 5.05018342e-10
1.06858430e+02 5.49972925e-10
1.07026230e+02 3.46212048e-10
1.09011410e+02 1.34205925e-08
1.09189730e+02 1.91810067e-08
1.09286600e+02 1.80982888e-10
1.09291390e+02 6.89654247e-11
1.10395080e+02 1.20431062e-11
1.10569080e+02 5.05565678e-10
1.10916280e+02 5.50883756e-10
1.11087550e+02 3.50196654e-10
1.12734210e+02 1.39034790e-08
1.12915820e+02 1.98558202e-08
1.13077690e+02 6.95846327e-11
1.13465130e+02 1.81056432e-10
1.14596380e+02 1.20454796e-11
1.14773940e+02 5.06094706e-10
1.15128230e+02 5.51765353e-10
1.15302980e+02 3.49825391e-10
1.16584140e+02 1.44030168e-08
1.16769060e+02 2.05533415e-08
1.16995170e+02 7.02000947e-11
1.17803420e+02 1.81120674e-10
1.18957570e+02 1.20477662e-11
1.19138710e+02 5.06606081e-10
1.19500120e+02 5.52618691e-10
1.19678380e+02 3.54106614e-10
1.20565550e+02 1.49197483e-08
1.20753790e+02 2.12743297e-08
1.21048360e+02 7.08183148e-11
1.22307580e+02 1.81188697e-10
1.23484740e+02 1.20499691e-11
1.23669460e+02 5.07100275e-10
1.24038030e+02 5.53444477e-10
1.24219810e+02 3.53800300e-10
1.24682930e+02 1.54542547e-08
1.24874510e+02 2.20194979e-08
1.25241970e+02 7.14346768e-11
1.26983950e+02 1.81254169e-10
1.28184200e+02 1.20520916e-11
1.28372520e+02 5.07577958e-10
1.28748270e+02 5.54243727e-10
1.28933580e+02 3.50619299e-10
1.28940920e+02 1.60071412e-08
1.29135840e+02 2.27896084e-08
1.29580870e+02 7.20481956e-11
1.31839120e+02 1.81314629e-10
1.33062500e+02 1.20541365e-11
1.33254440e+02 5.08039541e-10
1.33344320e+02 1.65790394e-08
1.33542590e+02 2.35854959e-08
1.33637370e+02 5.55017057e-10
1.33826220e+02 3.48195582e-10
1.34070080e+02 7.26623425e-11
1.36879930e+02 1.81374737e-10
1.37898100e+02 1.71705995e-08
1.38099720e+02 2.44080381e-08
1.38126450e+02 1.20561067e-11
1.38322000e+02 5.08485666e-10
1.38712130e+02 5.55765454e-10
1.38714810e+02 7.32800252e-11
1.38904510e+02 3.56056734e-10
1.42113480e+02 1.81432742e-10
1.42607390e+02 1.77824893e-08
1.42812360e+02 2.52581591e-08
1.43383130e+02 1.20580049e-11
1.43520460e+02 7.38929362e-11
1.43582290e+02 5.08916728e-10
1.43979590e+02 5.56489514e-10
1.44175520e+02 3.44752034e-10
1.47477510e+02 1.84153858e-08
1.47547120e+02 1.81488159e-10
1.47685820e+02 2.61367901e-08
1.48492600e+02 7.45079352e-11
1.48839860e+02 1.20598339e-11
1.49042620e+02 5.09333302e-10
1.49447090e+02 5.57190130e-10
1.49646540e+02 3.47303287e-10
1.52513940e+02 1.90699599e-08
1.52725590e+02 2.70447981e-08
1.53188520e+02 1.81534161e-10
1.53636990e+02 7.51214768e-11
1.54504250e+02 1.20615962e-11
1.54710600e+02 5.09735808e-10
1.55122210e+02 5.57867936e-10
1.55325170e+02 3.53200419e-10
1.57722380e+02 1.97469024e-08
1.57937340e+02 2.79830727e-08
1.58959610e+02 7.57333507e-11
1.59045610e+02 1.81589518e-10
1.60384220e+02 1.20632498e-11
1.60594130e+02 5.10124730e-10
1.61012840e+02 5.58523684e-10
1.61219290e+02 3.55742543e-10
1.63108680e+02 2.04469890e-08
1.63326940e+02 2.89526321e-08
1.64466620e+02 7.63438847e-11
1.65126650e+02 1.81640602e-10
1.66487960e+02 1.20648831e-11
1.66701410e+02 5.10500519e-10
1.67127160e+02 5.59158062e-10
1.67337080e+02 3.52625993e-10
1.68678930e+02 2.11710264e-08
1.68900460e+02 2.99545541e-08
1.70164420e+02 7.69545206e-11
1.71440190e+02 1.81685978e-10
1.72823980e+02 1.20664567e-11
1.73040940e+02 5.10863571e-10
1.73473660e+02 5.59771688e-10
1.73687010e+02 3.55174564e-10
1.74439400e+02 2.19198055e-08
1.74664170e+02 3.09899063e-08
1.76059610e+02 7.75634139e-11
1.77995130e+02 1.81736164e-10
1.79401140e+02 1.20679728e-11
1.79621560e+02 5.11214363e-10
1.80061170e+02 5.60365294e-10
1.80277900e+02 3.61322834e-10
1.80396600e+02 2.26941246e-08
1.80624570e+02 3.20597673e-08
1.82159040e+02 7.81726658e-11
1.84800690e+02 1.81780717e-10
1.86228610e+02 1.20694334e-11
1.86452440e+02 5.11553222e-10
1.86557240e+02 2.34948678e-08
1.86788370e+02 3.31652555e-08
1.86898830e+02 5.60939393e-10
1.87118900e+02 3.62044432e-10
1.88469780e+02 7.87776551e-11
1.91866460e+02 1.81824127e-10
1.92928260e+02 2.43229726e-08
1.93162510e+02 3.43075259e-08
1.93315900e+02 1.20708406e-11
1.93543090e+02 5.11880629e-10
1.93996150e+02 5.61494731e-10
1.94219500e+02 3.48944517e-10
1.94999140e+02 7.93826331e-11
1.99202390e+02 1.81861310e-10
1.99516870e+02 2.51792863e-08
1.99754160e+02 3.54877740e-08
2.00672920e+02 1.20721964e-11
2.00903390e+02 5.12196873e-10
2.01362980e+02 5.62031759e-10
2.01589540e+02 3.49470558e-10
2.01754710e+02 7.99883042e-11
2.06330470e+02 2.60646034e-08
2.06570760e+02 3.67072297e-08
2.06818800e+02 1.81902710e-10
2.08309930e+02 1.20735027e-11
2.08543600e+02 5.12502405e-10
2.08744320e+02 8.05967887e-11
2.09009560e+02 5.62551188e-10
2.09239250e+02 3.55456667e-10
2.13376770e+02 2.69799140e-08
2.13619970e+02 3.79671653e-08
2.14726430e+02 1.81944479e-10
2.15976080e+02 8.11979114e-11
2.16237570e+02 1.20747612e-11
2.16474360e+02 5.12797513e-10
2.16946510e+02 5.63053461e-10
2.17179240e+02 3.52257829e-10
2.20663700e+02 2.79264319e-08
2.20909730e+02 3.92688872e-08
2.22936390e+02 1.81978069e-10
2.23458380e+02 8.18017647e-11
2.24466920e+02 1.20759738e-11
2.24706720e+02 5.13082590e-10
2.25184860e+02 5.63539207e-10
2.25420540e+02 3.48561684e-10
2.28199480e+02 2.89052100e-08
2.28448260e+02 4.06137614e-08
2.31199890e+02 8.24021372e-11
2.31460270e+02 1.82014141e-10
2.33009450e+02 1.20771422e-11
2.33252150e+02 5.13357945e-10
2.33736060e+02 5.64008900e-10
2.33974560e+02 3.51012198e-10
2.35992610e+02 2.99170442e-08
2.36244040e+02 4.20032306e-08
2.39209600e+02 8.30047809e-11
2.40310040e+02 1.82051058e-10
2.41877090e+02 1.20782680e-11
2.42122560e+02 5.13623905e-10
2.42611970e+02 5.64463068e-10
2.42853190e+02 3.49994718e-10
2.44051880e+02 3.09630759e-08
2.44305850e+02 4.34387596e-08
2.47496810e+02 8.36043467e-11
2.49498190e+02 1.82083304e-10
2.51082200e+02 1.20793527e-11
2.51330300e+02 5.13880799e-10
2.51824950e+02 5.64902225e-10
2.52068730e+02 3.57772984e-10
2.52386380e+02 3.20451291e-08
2.52642760e+02 4.49218115e-08
2.56071110e+02 8.42025334e-11
2.59037640e+02 1.82116797e-10
2.60637630e+02 1.20803979e-11
2.60888210e+02 5.14128897e-10
2.61005510e+02 3.31646607e-08
2.61264180e+02 4.64538924e-08
2.61387770e+02 5.65326803e-10
2.61633970e+02 3.52833271e-10
2.64942460e+02 8.48006222e-11
2.68941830e+02 1.82141810e-10
2.69918990e+02 3.43218535e-08
2.70179800e+02 4.80365903e-08
2.70556710e+02 1.20814051e-11
2.70809590e+02 5.14368541e-10
2.71313740e+02 5.65737343e-10
2.71562190e+02 3.55580530e-10
2.74121160e+02 8.53991903e-11
2.79136860e+02 3.55170433e-08
2.79224700e+02 1.82173578e-10
2.79399660e+02 4.96715445e-08
2.80853280e+02 1.20823757e-11
2.81108290e+02 5.14599956e-10
2.81616640e+02 5.66134207e-10
2.81867150e+02 3.56606224e-10
2.83617840e+02 8.59983015e-11
2.88669540e+02 3.67520351e-08
2.88934150e+02 5.13604479e-08
2.89900720e+02 1.82202703e-10
2.91541700e+02 1.20833109e-11
2.91798630e+02 5.14823482e-10
2.92310780e+02 5.66517934e-10
2.92563150e+02 3.53703057e-10
2.93443520e+02 8.65913516e-11
2.98527750e+02 3.80289385e-08
2.98794000e+02 5.31050506e-08
3.00984950e+02 1.82226545e-10
3.02636900e+02 1.20842123e-11
3.02895520e+02 5.15039321e-10
3.03411020e+02 5.66888849e-10
3.03609610e+02 8.71865530e-11
3.03665030e+02 3.56942580e-10
3.08722630e+02 3.93492990e-08
3.08990330e+02 5.49071526e-08
3.12492970e+02 1.82257498e-10
3.14127890e+02 8.77786119e-11
3.14154350e+02 1.20850378e-11
3.14414410e+02 5.15247787e-10
3.14932780e+02 5.67247456e-10
3.15188200e+02 3.55958769e-10
3.19265670e+02 4.07144816e-08
3.19534600e+02 5.67685997e-08
3.24441000e+02 1.82278731e-10
3.25010570e+02 8.83754569e-11
3.26110110e+02 1.20858722e-11
3.26371360e+02 5.15449084e-10
3.26892080e+02 5.67594081e-10
3.27148630e+02 3.54364647e-10
3.30168770e+02 4.21255565e-08
3.30438690e+02 5.86911668e-08
3.36270270e+02 8.89659258e-11
3.36845850e+02 1.82302803e-10
3.38520870e+02 1.20866762e-11
3.38783020e+02 5.15643483e-10
3.39305510e+02 5.67929163e-10
3.39562930e+02 3.52756145e-10
3.41444200e+02 4.35835840e-08
3.41714880e+02 6.06766536e-08
3.47920050e+02 8.95570380e-11
3.49725000e+02 1.82323240e-10
3.51403960e+02 1.20874508e-11
3.51666690e+02 5.15831204e-10
3.52190330e+02 5.68253051e-10
3.52448310e+02 3.57312161e-10
3.53104700e+02 4.50908457e-08
3.53375870e+02 6.27272560e-08
3.59973420e+02 9.01468321e-11
3.63096580e+02 1.82349076e-10
3.64777330e+02 1.20881972e-11
3.65040320e+02 5.16012470e-10
3.65163410e+02 4.66502843e-08
3.65434800e+02 6.48454397e-08
3.65564450e+02 5.68566112e-10
3.65822660e+02 3.56774686e-10
3.72444380e+02 9.07355511e-11
3.76979410e+02 1.82370072e-10
3.77633940e+02 4.82624809e-08
3.77905230e+02 6.70333701e-08
3.78659650e+02 1.20889164e-11
3.78922540e+02 5.16187516e-10
3.79446430e+02 5.68868722e-10
3.79704520e+02 3.56470178e-10
3.85347380e+02 9.13243602e-11
3.90530340e+02 4.99261304e-08
3.90801220e+02 6.92929500e-08
3.91393050e+02 1.82390870e-10
3.93070290e+02 1.20896094e-11
3.93332680e+02 5.16356520e-10
3.93855570e+02 5.69161170e-10
3.94113150e+02 3.52811492e-10
3.98697390e+02 9.19117917e-11
4.03867150e+02 5.16431811e-08
4.04137280e+02 7.16263263e-08
4.06357780e+02 1.82414702e-10
4.08029360e+02 1.20902771e-11
4.08290840e+02 5.16519724e-10
4.08811890e+02 5.69443850e-10
4.09068550e+02 3.58638221e-10
4.12509900e+02 9.24991337e-11
4.17659430e+02 5.34192501e-08
4.17928430e+02 7.40359277e-08
4.21894690e+02 1.82433227e-10
4.23557720e+02 1.20909206e-11
4.23817840e+02 5.16677299e-10
4.24336150e+02 5.69717040e-10
4.24591460e+02 3.48160748e-10
4.26800940e+02 9.30869202e-11
4.31922720e+02 5.52571381e-08
4.32190200e+02 7.65242066e-08
4.38025640e+02 1.82446432e-10
4.39677050e+02 1.20915406e-11
4.39935320e+02 5.16829487e-10
4.40449940e+02 5.69981134e-10
4.40703410e+02 3.55512723e-10
4.41587070e+02 9.36688601e-11
4.46673110e+02 5.71550611e-08
4.46938660e+02 7.90935943e-08
4.54773350e+02 1.82470722e-10
4.56409820e+02 1.20921381e-11
4.56665740e+02 5.16976374e-10
4.56885460e+02 9.42498679e-11
4.57175630e+02 5.70236266e-10
4.57426770e+02 3.51885985e-10
4.61927230e+02 5.91132481e-08
4.62190400e+02 8.17466612e-08
4.72161410e+02 1.82482494e-10
4.72713840e+02 9.48335463e-11
4.73779400e+02 1.20927140e-11
4.74032400e+02 5.17118115e-10
4.74536470e+02 5.70482694e-10
4.74784730e+02 3.56897173e-10
4.77702290e+02 6.11368476e-08
4.77962610e+02 8.44861893e-08
4.89090590e+02 9.54149235e-11
4.90214280e+02 1.82501362e-10
4.91810010e+02 1.20932690e-11
4.92059510e+02 5.17255041e-10
4.92556570e+02 5.70720977e-10
4.92801370e+02 3.46403361e-10
4.94016080e+02 6.32304427e-08
4.94273050e+02 8.73149741e-08
5.06034690e+02 9.59980089e-11
5.08957400e+02 1.82517619e-10
5.10526810e+02 1.20938038e-11
5.10772170e+02 5.17305287e-10
5.10886990e+02 6.53949857e-08
5.11140080e+02 9.02356281e-08
5.11260970e+02 5.70802312e-10
5.11501680e+02 3.58574019e-10
5.23565810e+02 9.65750541e-11
5.28334050e+02 6.76311532e-08
5.28417160e+02 1.82533921e-10
5.28582690e+02 9.32508852e-08
5.29955920e+02 1.20943194e-11
5.30196460e+02 5.17305287e-10
5.30675640e+02 5.70802312e-10
5.30911620e+02 3.59278040e-10
5.41704270e+02 9.71549539e-11
5.46376930e+02 6.99410756e-08
5.46620530e+02 9.63639394e-08
5.48620950e+02 1.82547276e-10
5.50124440e+02 1.20948163e-11
5.50359440e+02 5.17305287e-10
5.50827580e+02 5.70802312e-10
5.51058100e+02 3.49496752e-10
5.60471130e+02 9.77327115e-11
5.65035990e+02 7.23272845e-08
5.65273910e+02 9.95781349e-08
5.69597220e+02 1.82560207e-10
5.71060510e+02 1.20952953e-11
5.71289210e+02 5.17305287e-10
5.71744760e+02 5.70802312e-10
5.71969080e+02 3.59057016e-10
5.79888150e+02 9.83106798e-11
5.84332270e+02 7.47925331e-08
5.84563840e+02 1.02896597e-07
5.91375520e+02 1.82580649e-10
5.92793350e+02 1.20957570e-11
5.93014920e+02 5.17305287e-10
5.93456260e+02 5.70802312e-10
5.93673570e+02 3.51032474e-10
5.99977850e+02 9.88821444e-11
6.04287530e+02 7.73396696e-08
6.04512030e+02 1.06322435e-07
6.13986490e+02 1.82594061e-10
6.15353270e+02 1.20962022e-11
6.15566840e+02 5.17305287e-10
6.15992230e+02 5.70802312e-10
6.16201680e+02 3.58315578e-10
6.20763540e+02 9.94596948e-11
6.24924260e+02 7.99712155e-08
6.25140960e+02 1.09858838e-07
6.37461990e+02 1.82606089e-10
6.38771760e+02 1.20965870e-11
6.38976400e+02 5.17305287e-10
6.39383990e+02 5.70802312e-10
6.39584670e+02 3.54574020e-10
6.42269340e+02 1.00030257e-10
6.46265760e+02 8.26895884e-08
6.46473840e+02 1.13509101e-07
6.61835060e+02 1.82611445e-10
6.63081480e+02 1.20969981e-11
6.63276200e+02 5.17305287e-10
6.63664030e+02 5.70802312e-10
6.63854960e+02 3.56152893e-10
6.64520180e+02 1.00601782e-10
6.68336070e+02 8.54974995e-08
6.68534710e+02 1.17276789e-07
6.87140020e+02 1.82626654e-10
6.87541880e+02 1.01174249e-10
6.88316350e+02 1.20973942e-11
6.88500110e+02 5.17305287e-10
6.88866080e+02 5.70802312e-10
6.89046240e+02 3.57772435e-10
6.91160100e+02 8.83978666e-08
6.91348400e+02 1.21165691e-07
7.11361150e+02 1.01744546e-10
7.13412510e+02 1.82636500e-10
7.14511590e+02 1.20977760e-11
7.14683260e+02 5.17305287e-10
7.14763590e+02 9.13937277e-08
7.14940610e+02 1.25179520e-07
7.15025150e+02 5.70802312e-10
7.15193460e+02 3.49263996e-10
7.36005620e+02 1.02310633e-10
7.39173140e+02 9.44882330e-08
7.39337900e+02 1.29321948e-07
7.40689510e+02 1.82651115e-10
7.41703740e+02 1.20981439e-11
7.41862140e+02 5.17305287e-10
7.42177590e+02 5.70802312e-10
7.42332880e+02 3.49198379e-10
7.61503870e+02 1.02878277e-10
7.64416290e+02 9.76844324e-08
7.64567750e+02 1.33596880e-07
7.69009440e+02 1.82663054e-10
7.69930740e+02 1.20984985e-11
7.70074620e+02 5.17305287e-10
7.70361120e+02 5.70802312e-10
7.70502160e+02 3.59586717e-10
7.87885490e+02 1.03442275e-10
7.90521510e+02 1.00985257e-07
7.90658560e+02 1.38008500e-07
7.98412170e+02 1.82667347e-10
7.99231980e+02 1.20988402e-11
7.99359990e+02 5.17305287e-10
7.99614900e+02 5.70802312e-10
7.99740380e+02 3.56479965e-10
8.15181070e+02 1.04009405e-10
8.17518240e+02 1.04393951e-07
8.17639720e+02 1.42561035e-07
8.28939090e+02 1.82678091e-10
8.29648330e+02 1.20991696e-11
8.29759070e+02 5.17305287e-10
8.29979560e+02 5.70802312e-10
8.30088090e+02 3.46319051e-10
8.43422290e+02 1.04568525e-10
8.45436920e+02 1.07914220e-07
8.45541610e+02 1.47258702e-07
8.60633200e+02 1.82690798e-10
8.61222240e+02 1.20994871e-11
8.61314200e+02 5.17305287e-10
8.61497300e+02 5.70802312e-10
8.61587420e+02 3.59471284e-10
8.72641890e+02 1.05131089e-10
8.74309040e+02 1.11549742e-07
8.74395650e+02 1.52105862e-07
8.93539120e+02 1.82700615e-10
8.93997750e+02 1.20997932e-11
8.94069340e+02 5.17305287e-10
8.94211890e+02 5.70802312e-10
8.94282040e+02 3.55706417e-10
9.02873790e+02 1.05691928e-10
9.04167150e+02 1.15303955e-07
9.04234330e+02 1.57107082e-07
9.27703190e+02 1.82712293e-10
9.28020600e+02 1.21000883e-11
9.28070150e+02 5.17305287e-10
9.28168790e+02 5.70802312e-10
9.28217330e+02 3.53552254e-10
9.34153040e+02 1.06248038e-10
9.35044940e+02 1.19180437e-07
9.35091250e+02 1.62267011e-07
9.63173500e+02 1.82715103e-10
9.63338260e+02 1.21003727e-11
9.63363970e+02 5.17305287e-10
9.63415170e+02 5.70802312e-10
9.63440360e+02 3.62164924e-10
9.66515930e+02 1.06805533e-10
9.66977220e+02 1.23183120e-07
9.67001160e+02 1.67590268e-07
1.00000000e+03 1.09559311e-07
