# Energy_GeV  sigma_cm2
1.00000000e-02 0.00000000e+00
2.91300000e-02 0.00000000e+00
3.00300000e-02 0.00000000e+00
3.01800000e-02 0.00000000e+00
3.04700000e-02 0.00000000e+00
4.82600000e-02 0.00000000e+00
5.00600000e-02 0.00000000e+00
5.03500000e-02 0.00000000e+00
5.09300000e-02 0.00000000e+00
5.72100000e-02 0.00000000e+00
6.32800000e-02 0.00000000e+00
6.36200000e-02 0.00000000e+00
6.74000000e-02 0.00000000e+00
7.01000000e-02 0.00000000e+00
7.05300000e-02 0.00000000e+00
7.14000000e-02 0.00000000e+00
8.65300000e-02 0.00000000e+00
9.01300000e-02 0.00000000e+00
9.07000000e-02 0.00000000e+00
9.18600000e-02 0.00000000e+00
1.04410000e-01 0.00000000e+00
1.05660000e-01 0.00000000e+00
1.09700000e-01 0.00000000e+00
1.10160000e-01 0.00000000e+00
1.10880000e-01 0.00000000e+00
1.12330000e-01 0.00000000e+00
1.13890000e-01 0.00000000e+00
1.14350000e-01 0.00000000e+00
1.15100000e-01 0.00000000e+00
1.16570000e-01 0.00000000e+00
1.16590000e-01 0.00000000e+00
1.17240000e-01 0.00000000e+00
1.18250000e-01 0.00000000e+00
1.18710000e-01 0.00000000e+00
1.19480000e-01 0.00000000e+00
1.21020000e-01 0.00000000e+00
1.22770000e-01 0.00000000e+00
1.23220000e-01 1.52200945e-14
1.24020000e-01 0.00000000e+00
1.25620000e-01 0.00000000e+00
1.27460000e-01 0.00000000e+00
1.27910000e-01 2.27753024e-13
1.28730000e-01 0.00000000e+00
1.30390000e-01 0.00000000e+00
1.32340000e-01 0.00000000e+00
1.32780000e-01 6.35085350e-13
1.33630000e-01 0.00000000e+00
1.35340000e-01 0.00000000e+00
1.37400000e-01 0.00000000e+00
1.37830000e-01 1.56456657e-12
1.38710000e-01 0.00000000e+00
1.40480000e-01 0.00000000e+00
1.42650000e-01 0.00000000e+00
1.43080000e-01 2.56977211e-12
1.43990000e-01 0.00000000e+00
1.45810000e-01 0.00000000e+00
1.48100000e-01 0.00000000e+00
1.48520000e-01 3.44072887e-12
1.49460000e-01 0.00000000e+00
1.51350000e-01 0.00000000e+00
1.51620000e-01 0.00000000e+00
1.53770000e-01 0.00000000e+00
1.54180000e-01 3.54286691e-12
1.55150000e-01 0.00000000e+00
1.57100000e-01 0.00000000e+00
1.59640000e-01 0.00000000e+00
1.60040000e-01 5.62151538e-12
1.61050000e-01 0.00000000e+00
1.63060000e-01 0.00000000e+00
1.65750000e-01 8.75381080e-18
1.66140000e-01 8.00069670e-12
1.67170000e-01 0.00000000e+00
1.69250000e-01 0.00000000e+00
1.69850000e-01 0.00000000e+00
1.70850000e-01 0.00000000e+00
1.72090000e-01 1.89141456e-16
1.72460000e-01 1.04522003e-11
1.73530000e-01 0.00000000e+00
1.75680000e-01 0.00000000e+00
1.78670000e-01 1.43554023e-15
1.79020000e-01 1.37567494e-11
1.80130000e-01 0.00000000e+00
1.82350000e-01 0.00000000e+00
1.85500000e-01 6.03840859e-15
1.85830000e-01 1.57454909e-11
1.86980000e-01 0.00000000e+00
1.89280000e-01 0.00000000e+00
1.92590000e-01 1.84590207e-14
1.92910000e-01 1.91942630e-11
1.94090000e-01 0.00000000e+00
1.96470000e-01 0.00000000e+00
1.98830000e-01 0.00000000e+00
1.99950000e-01 4.53685607e-14
2.00250000e-01 2.39595797e-11
2.01470000e-01 0.00000000e+00
2.03930000e-01 0.00000000e+00
2.07600000e-01 9.45906558e-14
2.07870000e-01 2.81359504e-11
2.09130000e-01 0.00000000e+00
2.11670000e-01 0.00000000e+00
2.15540000e-01 1.74107254e-13
2.15780000e-01 3.25879698e-11
2.17090000e-01 0.00000000e+00
2.19710000e-01 0.00000000e+00
2.23130000e-01 0.00000000e+00
2.23780000e-01 2.91877852e-13
2.23990000e-01 3.94258666e-11
2.24470000e-01 0.00000000e+00
2.25340000e-01 0.00000000e+00
2.28050000e-01 0.00000000e+00
2.32330000e-01 4.56724924e-13
2.32520000e-01 4.78820376e-11
2.33910000e-01 0.00000000e+00
2.36710000e-01 0.00000000e+00
2.41220000e-01 6.78369293e-13
2.41370000e-01 5.33354786e-11
2.42810000e-01 0.00000000e+00
2.45700000e-01 0.00000000e+00
2.46040000e-01 0.00000000e+00
2.50440000e-01 9.67735306e-13
2.50550000e-01 6.04917639e-11
2.52040000e-01 0.00000000e+00
2.54560000e-01 1.37696930e-42
2.55030000e-01 6.58076101e-22
2.60010000e-01 1.33683589e-12
2.60090000e-01 6.59336507e-11
2.61620000e-01 0.00000000e+00
2.63380000e-01 2.56656486e-27
2.64720000e-01 8.79720741e-18
2.69950000e-01 1.79926242e-12
2.69980000e-01 7.74945715e-11
2.71570000e-01 3.70226229e-19
2.72500000e-01 2.45470479e-22
2.74770000e-01 2.55573667e-17
2.76420000e-01 0.00000000e+00
2.78090000e-01 0.00000000e+00
2.80260000e-01 8.69882186e-11
2.80280000e-01 2.36969145e-12
2.81900000e-01 9.40481360e-16
2.81940000e-01 7.16473346e-20
2.85200000e-01 3.07196709e-16
2.85860000e-01 1.61468875e-15
2.87580000e-01 2.46789593e-16
2.90920000e-01 9.60487634e-11
2.90990000e-01 3.06436949e-12
2.91710000e-01 2.17561248e-18
2.92620000e-01 2.34896582e-15
2.95620000e-01 3.28549139e-15
2.96030000e-01 2.18281477e-15
2.97390000e-01 5.06586010e-16
3.01820000e-01 2.17645366e-17
3.02000000e-01 1.07354176e-10
3.02120000e-01 3.89956499e-12
3.03750000e-01 5.04896306e-15
3.05710000e-01 6.93988355e-15
3.07270000e-01 7.83023136e-15
3.07540000e-01 1.06137569e-15
3.12270000e-01 1.16499882e-16
3.13490000e-01 1.20421051e-10
3.13670000e-01 4.90081342e-12
3.15300000e-01 1.21019762e-14
3.16150000e-01 1.27507275e-14
3.18040000e-01 1.93331028e-15
3.18940000e-01 2.11253602e-14
3.23090000e-01 4.24747352e-16
3.25420000e-01 1.30329377e-10
3.25660000e-01 6.09527221e-12
3.26950000e-01 2.08002040e-14
3.27290000e-01 2.53272862e-14
3.28890000e-01 3.12796727e-15
3.31050000e-01 4.81199723e-14
3.34290000e-01 1.33942625e-15
3.37800000e-01 1.39105495e-10
3.38110000e-01 7.51135466e-12
3.38120000e-01 3.14587162e-14
3.39740000e-01 4.88923971e-14
3.40110000e-01 4.69037402e-15
3.43620000e-01 9.91985513e-14
3.45870000e-01 3.31831088e-15
3.49660000e-01 4.52131826e-14
3.50660000e-01 1.52226208e-10
3.51040000e-01 9.18462776e-12
3.51720000e-01 6.68001946e-15
3.52660000e-01 8.99342515e-14
3.56670000e-01 1.92652096e-13
3.57850000e-01 6.73900155e-15
3.61600000e-01 6.26855685e-14
3.63720000e-01 9.17480748e-15
3.64010000e-01 1.63877683e-10
3.64460000e-01 1.11564880e-11
3.66070000e-01 1.58843164e-13
3.70220000e-01 3.55227250e-13
3.70250000e-01 1.16344723e-14
3.73950000e-01 8.46587997e-14
3.76140000e-01 1.22612176e-14
3.77860000e-01 1.78143582e-10
3.78400000e-01 1.34736497e-11
3.79990000e-01 2.73349714e-13
3.83070000e-01 1.81380228e-14
3.84280000e-01 6.33222257e-13
3.86720000e-01 1.11812341e-13
3.88970000e-01 1.60363905e-14
3.92240000e-01 1.87010661e-10
3.92870000e-01 1.61852213e-11
3.94440000e-01 4.59528021e-13
3.96340000e-01 2.63454959e-14
3.98870000e-01 1.09518978e-12
3.99930000e-01 1.44684583e-13
4.02240000e-01 2.05923343e-14
4.07170000e-01 2.08227259e-10
4.07890000e-01 1.93352448e-11
4.09440000e-01 7.72171397e-13
4.10080000e-01 3.67144430e-14
4.13590000e-01 1.83952949e-13
4.14020000e-01 1.88669763e-12
4.15970000e-01 2.59501741e-14
4.22660000e-01 2.21132932e-10
4.23480000e-01 2.29536037e-11
4.24280000e-01 4.97851823e-14
4.25010000e-01 1.28718040e-12
4.27710000e-01 2.30464312e-13
4.29740000e-01 3.20924166e-12
4.30170000e-01 3.20708335e-14
4.38750000e-01 2.30955520e-10
4.38980000e-01 6.57746436e-14
4.39680000e-01 2.70469807e-11
4.41180000e-01 2.09310523e-12
4.42320000e-01 2.85251734e-13
4.44850000e-01 3.91719211e-14
4.46060000e-01 5.27751102e-12
4.54190000e-01 8.48201433e-14
4.55440000e-01 2.49903631e-10
4.56490000e-01 3.15955627e-11
4.57420000e-01 3.49848143e-13
4.57950000e-01 3.29395707e-12
4.60030000e-01 4.79779172e-14
4.63000000e-01 8.32389035e-12
4.69920000e-01 1.06997219e-13
4.72780000e-01 2.62886768e-10
4.73050000e-01 4.25292333e-13
4.73940000e-01 3.65558601e-11
4.75370000e-01 4.94073980e-12
4.75720000e-01 5.95184770e-14
4.80580000e-01 1.24557733e-11
4.86200000e-01 1.32550690e-13
4.89200000e-01 5.11715084e-13
4.90770000e-01 2.74609682e-10
4.91960000e-01 7.52477739e-14
4.92060000e-01 4.18668343e-11
4.93450000e-01 7.00530137e-12
4.98830000e-01 1.75766380e-11
5.03050000e-01 1.62069526e-13
5.05910000e-01 6.09220511e-13
5.08750000e-01 9.68959012e-14
5.09450000e-01 2.89989499e-10
5.10870000e-01 4.74567848e-11
5.12210000e-01 9.44882181e-12
5.17770000e-01 2.35719115e-11
5.20480000e-01 1.96099053e-13
5.23180000e-01 7.19676993e-13
5.26110000e-01 1.26284168e-13
5.28830000e-01 3.00635774e-10
5.30410000e-01 5.32507762e-11
5.31690000e-01 1.22341475e-11
5.37430000e-01 3.03520608e-11
5.38510000e-01 2.34744341e-13
5.41050000e-01 8.44874924e-13
5.44060000e-01 1.65511122e-13
5.48960000e-01 3.13745839e-10
5.50690000e-01 5.91770747e-11
5.51910000e-01 1.53233482e-11
5.57160000e-01 2.78426788e-13
5.57840000e-01 3.78200253e-11
5.59530000e-01 9.85356575e-13
5.62630000e-01 2.17028912e-13
5.69850000e-01 3.28204499e-10
5.71740000e-01 6.51707770e-11
5.72900000e-01 1.86951720e-11
5.76470000e-01 3.27220750e-13
5.78640000e-01 1.14131387e-12
5.79020000e-01 4.59170700e-11
5.81830000e-01 2.83800907e-13
5.91540000e-01 3.43382783e-10
5.93600000e-01 7.11773101e-11
5.94690000e-01 2.23291767e-11
5.96440000e-01 3.81249673e-13
5.98400000e-01 1.31424531e-12
6.01010000e-01 5.45742977e-11
6.01680000e-01 3.69566022e-13
6.14050000e-01 3.51063029e-10
6.16300000e-01 7.71529933e-11
6.17100000e-01 4.40545745e-13
6.17300000e-01 2.62101007e-11
6.18830000e-01 1.50622068e-12
6.22210000e-01 4.78712519e-13
6.23830000e-01 6.37338943e-11
6.37420000e-01 3.67840678e-10
6.38480000e-01 5.05297951e-13
6.39860000e-01 8.30534087e-11
6.39970000e-01 1.71828782e-12
6.40780000e-01 3.03168236e-11
6.43450000e-01 6.16115494e-13
6.47520000e-01 7.33231261e-11
6.60600000e-01 5.75215818e-13
6.61680000e-01 3.79469391e-10
6.61820000e-01 1.95158872e-12
6.64330000e-01 8.88710550e-11
6.65150000e-01 3.46386439e-11
6.65400000e-01 7.87569551e-13
6.72110000e-01 8.32747508e-11
6.83490000e-01 6.50152041e-13
6.84420000e-01 2.20944491e-12
6.86860000e-01 3.92924797e-10
6.88110000e-01 9.99961909e-13
6.89730000e-01 9.45760637e-11
6.90440000e-01 3.91683129e-11
6.97640000e-01 9.35170448e-11
7.07160000e-01 7.29661008e-13
7.07800000e-01 2.49748417e-12
7.11590000e-01 1.26194926e-12
7.13000000e-01 3.98790823e-10
7.16100000e-01 1.00133552e-10
7.16700000e-01 4.39025565e-11
7.24130000e-01 1.03984818e-10
7.31660000e-01 8.13367495e-13
7.31970000e-01 2.82003006e-12
7.35880000e-01 1.58201720e-12
7.40130000e-01 4.10846774e-10
7.43480000e-01 1.05555062e-10
7.43960000e-01 4.88559425e-11
7.51630000e-01 1.14606886e-10
7.56960000e-01 3.17946424e-12
7.57010000e-01 9.00914707e-13
7.60990000e-01 1.96913525e-12
7.68300000e-01 4.22492574e-10
7.71910000e-01 1.10801939e-10
7.72250000e-01 5.40533155e-11
7.80170000e-01 1.25317295e-10
7.82820000e-01 3.58315707e-12
7.83240000e-01 9.92676057e-13
7.86960000e-01 2.43288883e-12
7.97540000e-01 4.33250116e-10
8.01420000e-01 1.15865425e-10
8.01620000e-01 5.95388557e-11
8.09550000e-01 4.04716493e-12
8.09790000e-01 1.36058410e-10
8.10370000e-01 1.08802908e-12
8.13810000e-01 2.98434676e-12
8.27890000e-01 4.40502059e-10
8.32060000e-01 1.20725566e-10
8.32100000e-01 6.53870671e-11
8.37200000e-01 4.58876859e-12
8.38450000e-01 1.18636586e-12
8.40550000e-01 1.46764837e-10
8.41580000e-01 3.63591877e-12
8.59400000e-01 4.50983461e-10
8.63750000e-01 7.17518944e-11
8.63870000e-01 1.25373654e-10
8.65790000e-01 5.22676093e-12
8.67490000e-01 1.28815866e-12
8.70300000e-01 4.40240397e-12
8.72460000e-01 1.57404705e-10
8.92110000e-01 4.54748563e-10
8.95350000e-01 5.98410285e-12
8.96590000e-01 7.88374974e-11
8.96900000e-01 1.29798365e-10
8.97550000e-01 1.39255644e-12
9.00000000e-01 5.29883942e-12
9.05600000e-01 1.67926669e-10
9.25930000e-01 6.89034193e-12
9.26060000e-01 4.64163186e-10
9.28640000e-01 1.50032319e-12
9.30690000e-01 8.67651514e-11
9.30710000e-01 6.33794634e-12
9.31200000e-01 1.33993708e-10
9.39980000e-01 1.78315907e-10
9.57550000e-01 7.98056391e-12
9.60810000e-01 1.61079209e-12
9.61300000e-01 4.70580309e-10
9.62470000e-01 7.53322234e-12
9.66080000e-01 9.56187636e-11
9.66800000e-01 1.37960180e-10
9.75680000e-01 1.88545519e-10
9.90250000e-01 9.29272371e-12
9.94100000e-01 1.72442612e-12
9.95320000e-01 8.90116035e-12
9.97880000e-01 4.76165133e-10
1.00282000e+00 1.05388213e-10
1.00377000e+00 1.41695739e-10
1.01273000e+00 1.98613417e-10
1.02407000e+00 1.08712188e-11
1.02854000e+00 1.84075997e-12
1.02928000e+00 1.04606204e-11
1.03586000e+00 4.80909226e-10
1.04096000e+00 1.15962877e-10
1.04214000e+00 1.45205943e-10
1.05119000e+00 2.08520420e-10
1.05904000e+00 1.27727998e-11
1.06417000e+00 1.96053471e-12
1.06441000e+00 1.22276812e-11
1.07528000e+00 4.83892728e-10
1.08055000e+00 1.27270398e-10
1.08199000e+00 1.48490711e-10
1.09111000e+00 2.18281621e-10
1.09521000e+00 1.50621580e-11
1.10073000e+00 1.42207089e-11
1.10104000e+00 2.08321358e-12
1.11620000e+00 4.87448537e-10
1.12164000e+00 1.39343711e-10
1.12336000e+00 1.51566516e-10
1.13254000e+00 2.27927888e-10
1.13261000e+00 1.78080616e-11
1.13829000e+00 1.64563165e-11
1.13918000e+00 2.20957160e-12
1.15868000e+00 4.92055494e-10
1.16429000e+00 1.52250222e-10
1.16631000e+00 1.54433292e-10
1.17129000e+00 2.10845767e-11
1.17555000e+00 2.37486782e-10
1.17714000e+00 1.89512784e-11
1.17865000e+00 2.33945116e-12
1.20278000e+00 4.91527248e-10
1.20857000e+00 1.66138525e-10
1.21090000e+00 1.57104696e-10
1.21129000e+00 2.49736853e-11
1.21730000e+00 2.17240841e-11
1.21948000e+00 2.47329692e-12
1.22019000e+00 2.46966724e-10
1.24855000e+00 4.92750191e-10
1.25266000e+00 2.95647141e-11
1.25453000e+00 1.81162877e-10
1.25720000e+00 1.59590877e-10
1.25885000e+00 2.47892187e-11
1.26173000e+00 2.61248084e-12
1.26652000e+00 2.56362362e-10
1.29544000e+00 3.49469833e-11
1.29607000e+00 4.93049118e-10
1.30180000e+00 2.81674294e-11
1.30224000e+00 1.97264479e-10
1.30527000e+00 1.61902256e-10
1.30544000e+00 2.75886331e-12
1.31462000e+00 2.65605735e-10
1.33968000e+00 4.12097126e-11
1.34539000e+00 4.97325658e-10
1.34623000e+00 3.18751197e-11
1.35067000e+00 2.91309293e-12
1.35176000e+00 2.14284601e-10
1.35518000e+00 1.64051725e-10
1.36454000e+00 2.74611044e-10
1.38543000e+00 4.84475735e-11
1.39217000e+00 3.59284628e-11
1.39659000e+00 4.95318482e-10
1.39746000e+00 3.07534621e-12
1.40317000e+00 2.32048853e-10
1.40699000e+00 1.66052125e-10
1.41636000e+00 2.83352858e-10
1.43274000e+00 5.67611627e-11
1.43967000e+00 4.03378271e-11
1.44588000e+00 3.24668380e-12
1.44974000e+00 4.98612788e-10
1.45653000e+00 2.50365375e-10
1.46079000e+00 1.67906786e-10
1.47014000e+00 2.91857964e-10
1.48167000e+00 6.62563983e-11
1.48880000e+00 4.51436790e-11
1.49597000e+00 3.42689158e-12
1.50492000e+00 4.96305957e-10
1.51192000e+00 2.68950990e-10
1.51664000e+00 1.69630265e-10
1.52597000e+00 3.00086673e-10
1.53227000e+00 7.70476371e-11
1.53961000e+00 5.04375838e-11
1.54779000e+00 3.61641726e-12
1.56219000e+00 4.95074413e-10
1.56942000e+00 2.87420270e-10
1.57463000e+00 1.71220318e-10
1.58392000e+00 3.07920611e-10
1.58460000e+00 8.92359313e-11
1.59215000e+00 5.62930167e-11
1.60141000e+00 3.81611644e-12
1.62164000e+00 4.96884696e-10
1.62910000e+00 3.05491956e-10
1.63483000e+00 1.72669265e-10
1.63871000e+00 1.02893556e-10
1.64406000e+00 3.15286725e-10
1.64648000e+00 6.27278419e-11
1.65689000e+00 4.02578865e-12
1.68336000e+00 4.94578027e-10
1.69106000e+00 3.23180722e-10
1.69467000e+00 1.18084278e-10
1.69734000e+00 1.73911312e-10
1.70267000e+00 6.97560197e-11
1.70650000e+00 3.22229385e-10
1.71430000e+00 4.24471851e-12
1.74742000e+00 4.96500593e-10
1.75255000e+00 1.34871382e-10
1.75537000e+00 3.40532545e-10
1.76077000e+00 7.74061633e-11
1.76224000e+00 1.74855442e-10
1.77130000e+00 3.28811494e-10
1.77369000e+00 4.47425122e-12
1.81240000e+00 1.53318262e-10
1.81392000e+00 4.94891214e-10
1.82086000e+00 8.57022217e-11
1.82212000e+00 3.57484820e-10
1.82962000e+00 1.75548725e-10
1.83513000e+00 4.71237115e-12
1.83856000e+00 3.35036726e-10
1.87429000e+00 1.73466872e-10
1.88295000e+00 4.92014408e-10
1.88299000e+00 9.46625471e-11
1.89142000e+00 3.73948980e-10
1.89871000e+00 4.96073154e-12
1.89957000e+00 1.76087531e-10
1.90838000e+00 3.40902920e-10
1.93830000e+00 1.95348052e-10
1.94725000e+00 1.04295726e-10
1.95461000e+00 4.89439208e-10
1.96335000e+00 3.89888183e-10
1.96449000e+00 5.21781068e-12
1.97220000e+00 1.76508254e-10
1.98085000e+00 3.46420179e-10
2.00449000e+00 2.19003936e-10
2.01370000e+00 1.14614553e-10
2.02900000e+00 4.88475422e-10
2.03255000e+00 5.48322256e-12
2.03801000e+00 4.05285184e-10
2.04761000e+00 1.76814697e-10
2.05607000e+00 3.51608204e-10
2.07295000e+00 2.44462436e-10
2.08242000e+00 1.25626676e-10
2.10296000e+00 5.75697633e-12
2.10622000e+00 4.86034101e-10
2.11552000e+00 4.20118561e-10
2.12590000e+00 1.77066213e-10
2.13415000e+00 3.56481211e-10
2.14374000e+00 2.71761168e-10
2.15348000e+00 1.37341700e-10
2.17582000e+00 6.03962376e-12
2.18637000e+00 4.80632671e-10
2.19597000e+00 4.34375345e-10
2.20718000e+00 1.77287140e-10
2.21519000e+00 3.61052513e-10
2.21695000e+00 3.00920948e-10
2.22696000e+00 1.49765921e-10
2.25120000e+00 6.33093256e-12
2.26958000e+00 4.85218842e-10
2.27948000e+00 4.48044341e-10
2.29157000e+00 1.77492788e-10
2.29266000e+00 3.31967301e-10
2.29931000e+00 3.65335687e-10
2.30296000e+00 1.62904205e-10
2.32919000e+00 6.62984383e-12
2.35596000e+00 4.80541200e-10
2.36616000e+00 4.61124525e-10
2.37096000e+00 3.64918281e-10
2.37919000e+00 1.77686826e-10
2.38155000e+00 1.76766434e-10
2.38662000e+00 3.69344609e-10
2.40988000e+00 6.93625462e-12
2.44562000e+00 4.80533033e-10
2.45193000e+00 3.99800532e-10
2.45615000e+00 4.73617712e-10
2.46282000e+00 1.91360673e-10
2.47015000e+00 1.77884654e-10
2.47725000e+00 3.73094867e-10
2.49337000e+00 7.25065585e-12
2.53566000e+00 4.36637993e-10
2.53869000e+00 4.78251818e-10
2.54686000e+00 2.06695552e-10
2.54955000e+00 4.85531352e-10
2.56460000e+00 1.78063076e-10
2.57132000e+00 3.76598696e-10
2.57975000e+00 7.57291472e-12
2.62225000e+00 4.75447320e-10
2.63377000e+00 2.22777058e-10
2.63530000e+00 4.83373049e-10
2.64651000e+00 4.96874920e-10
2.66265000e+00 1.78240207e-10
2.66897000e+00 3.79871148e-10
2.66912000e+00 7.90310031e-12
2.71181000e+00 5.16237199e-10
2.72365000e+00 2.39610281e-10
2.73559000e+00 4.77694192e-10
2.74716000e+00 5.07658441e-10
2.76159000e+00 8.24088712e-12
2.76446000e+00 1.78406686e-10
2.77032000e+00 3.82924091e-10
2.80442000e+00 5.59035985e-10
2.81660000e+00 2.57203729e-10
2.83970000e+00 4.73277406e-10
2.85163000e+00 5.17900334e-10
2.85726000e+00 8.58625518e-12
2.87016000e+00 1.78572732e-10
2.87552000e+00 3.85771554e-10
2.90019000e+00 6.03871778e-10
2.91271000e+00 2.75574670e-10
2.94777000e+00 4.74654890e-10
2.95625000e+00 8.93793033e-12
2.96007000e+00 5.27613890e-10
2.97990000e+00 1.78725619e-10
2.98471000e+00 3.88424797e-10
2.99923000e+00 6.50769176e-10
3.01211000e+00 2.94731071e-10
3.05867000e+00 9.29919054e-12
3.05996000e+00 4.70730140e-10
3.07264000e+00 5.36817414e-10
3.09383000e+00 1.78877350e-10
3.09806000e+00 3.90895888e-10
3.10166000e+00 6.99744784e-10
3.11490000e+00 3.14683621e-10
3.16463000e+00 9.66708372e-12
3.17641000e+00 4.68914044e-10
3.18949000e+00 5.45529403e-10
3.20758000e+00 7.50826445e-10
3.21212000e+00 1.79024209e-10
3.21570000e+00 3.93196451e-10
3.22119000e+00 3.35444224e-10
3.27427000e+00 1.00422186e-11
3.29729000e+00 4.67124372e-10
3.31079000e+00 5.53768234e-10
3.31712000e+00 8.04045390e-10
3.33111000e+00 3.57034558e-10
3.33494000e+00 1.79166870e-10
3.33782000e+00 3.95336521e-10
3.38770000e+00 1.04243527e-11
3.42278000e+00 4.65808166e-10
3.43040000e+00 8.59440244e-10
3.43670000e+00 5.61555488e-10
3.44479000e+00 3.79474739e-10
3.46245000e+00 1.79304733e-10
3.46457000e+00 3.97327273e-10
3.50507000e+00 1.08141990e-11
3.54755000e+00 9.17054659e-10
3.55304000e+00 4.63084529e-10
3.56234000e+00 4.02774013e-10
3.56739000e+00 5.68909156e-10
3.59483000e+00 1.79437365e-10
3.59613000e+00 3.99177472e-10
3.62650000e+00 1.12109249e-11
3.66870000e+00 9.76932214e-10
3.68391000e+00 4.26933395e-10
3.68826000e+00 4.58663149e-10
3.70306000e+00 5.75850790e-10
3.73228000e+00 1.79561583e-10
3.73269000e+00 4.00897286e-10
3.75213000e+00 1.16149307e-11
3.79399000e+00 1.03911031e-09
3.80962000e+00 4.51988609e-10
3.82862000e+00 4.63543408e-10
3.84388000e+00 5.82398101e-10
3.87444000e+00 4.02494308e-10
3.87498000e+00 1.79684408e-10
3.88212000e+00 1.20260018e-11
3.92356000e+00 1.10362357e-09
3.93962000e+00 4.77976943e-10
3.97433000e+00 4.60959679e-10
3.99006000e+00 5.88572881e-10
4.01662000e+00 1.24442259e-11
4.02156000e+00 4.03978038e-10
4.02314000e+00 1.79800472e-10
4.05755000e+00 1.17051049e-09
4.07406000e+00 5.04907478e-10
4.12558000e+00 4.58620751e-10
4.14180000e+00 5.94391663e-10
4.15577000e+00 1.28690747e-11
4.17428000e+00 4.05355006e-10
4.17696000e+00 1.79917493e-10
4.19612000e+00 1.23979931e-09
4.21309000e+00 5.32776670e-10
4.28259000e+00 4.58611634e-10
4.29931000e+00 5.99875295e-10
4.29974000e+00 1.33003726e-11
4.33279000e+00 4.06633472e-10
4.33667000e+00 1.80025816e-10
4.33942000e+00 1.31152914e-09
4.35686000e+00 5.61613482e-10
4.44557000e+00 4.56337628e-10
4.44870000e+00 1.37389859e-11
4.46281000e+00 6.05040324e-10
4.48761000e+00 1.38573611e-09
4.49733000e+00 4.07819634e-10
4.50248000e+00 1.80134238e-10
4.50554000e+00 5.91463461e-10
4.60282000e+00 1.41839436e-11
4.61475000e+00 4.54358601e-10
4.63253000e+00 6.09904912e-10
4.64086000e+00 1.46245118e-09
4.65929000e+00 6.22337665e-10
4.66811000e+00 4.08920318e-10
4.67463000e+00 1.80233120e-10
4.76228000e+00 1.46348549e-11
4.79038000e+00 4.52427296e-10
4.79935000e+00 1.54170150e-09
4.80870000e+00 6.14486098e-10
4.81828000e+00 6.54212010e-10
4.84538000e+00 4.09941481e-10
4.85336000e+00 1.80332605e-10
4.92727000e+00 1.50932438e-11
4.96325000e+00 1.62358212e-09
4.97268000e+00 4.52824391e-10
4.98271000e+00 6.87114552e-10
4.99157000e+00 6.18799257e-10
5.02938000e+00 4.10888616e-10
5.03893000e+00 1.80424069e-10
5.09797000e+00 1.55574887e-11
5.13275000e+00 1.70825678e-09
5.15274000e+00 7.21156186e-10
5.16193000e+00 4.51682135e-10
5.18139000e+00 6.22861260e-10
5.22036000e+00 4.11767422e-10
5.23159000e+00 1.80516910e-10
5.27458000e+00 1.60285514e-11
5.30803000e+00 1.79595001e-09
5.32858000e+00 7.56440625e-10
5.35838000e+00 4.51842471e-10
5.37844000e+00 6.26684972e-10
5.41860000e+00 4.12582293e-10
5.43161000e+00 1.80604260e-10
5.45732000e+00 1.65055987e-11
5.48931000e+00 1.88693866e-09
5.51042000e+00 7.93066284e-10
5.56230000e+00 4.48361445e-10
5.58298000e+00 6.30286735e-10
5.62437000e+00 4.13338447e-10
5.63929000e+00 1.80695568e-10
5.64638000e+00 1.69867203e-11
5.67677000e+00 1.98142765e-09
5.69846000e+00 8.31095502e-10
5.77398000e+00 4.50157761e-10
5.79529000e+00 6.33678131e-10
5.83795000e+00 4.14039663e-10
5.84200000e+00 1.74755273e-11
5.85490000e+00 1.80772290e-10
5.87063000e+00 2.07936222e-09
5.89292000e+00 8.70504399e-10
5.99372000e+00 4.45607058e-10
6.01568000e+00 6.36873494e-10
6.04439000e+00 1.79696397e-11
6.05964000e+00 4.14690473e-10
6.07112000e+00 2.18068829e-09
6.07876000e+00 1.80853781e-10
6.09401000e+00 9.11280691e-10
6.22183000e+00 4.47158813e-10
6.24446000e+00 6.39883434e-10
6.25379000e+00 1.84699597e-11
6.27845000e+00 2.28549923e-09
6.28975000e+00 4.15294202e-10
6.30197000e+00 9.53479461e-10
6.31118000e+00 1.80928242e-10
6.45861000e+00 4.46863203e-10
6.47045000e+00 1.89762381e-11
6.48193000e+00 6.42720743e-10
6.49286000e+00 2.39389981e-09
6.51703000e+00 9.97165925e-10
6.52860000e+00 4.15854654e-10
6.55249000e+00 1.81010095e-10
6.69461000e+00 1.94854267e-11
6.70441000e+00 4.46024206e-10
6.71460000e+00 2.50599367e-09
6.72843000e+00 6.45395489e-10
6.73942000e+00 1.04237281e-09
6.77651000e+00 4.16374928e-10
6.80302000e+00 1.81079731e-10
6.92654000e+00 2.00026174e-11
6.94391000e+00 2.62189230e-09
6.95956000e+00 4.45134711e-10
6.96940000e+00 1.08912162e-09
6.98431000e+00 6.47918022e-10
7.03385000e+00 4.16858059e-10
7.06313000e+00 1.81143147e-10
7.16650000e+00 2.05230313e-11
7.18104000e+00 2.74169651e-09
7.20723000e+00 1.13745633e-09
7.22442000e+00 4.44194753e-10
7.24992000e+00 6.50298268e-10
7.30095000e+00 4.17306962e-10
7.33319000e+00 1.81216419e-10
7.41478000e+00 2.10484582e-11
7.42628000e+00 2.86549637e-09
7.45318000e+00 1.18743518e-09
7.49936000e+00 4.41643771e-10
7.52563000e+00 6.52544732e-10
7.57820000e+00 4.17724077e-10
7.61357000e+00 1.81278116e-10
7.67166000e+00 2.15792565e-11
7.67989000e+00 2.99347359e-09
7.70752000e+00 1.23916796e-09
7.78476000e+00 4.41253124e-10
7.81182000e+00 6.54666793e-10
7.86597000e+00 4.18112058e-10
7.90467000e+00 1.81336079e-10
7.93743000e+00 2.21136742e-11
7.94216000e+00 3.12583151e-09
7.97054000e+00 1.29278452e-09
8.08102000e+00 4.40786780e-10
8.10890000e+00 6.56671392e-10
8.16467000e+00 4.18472894e-10
8.20690000e+00 1.81394845e-10
8.21242000e+00 2.26561926e-11
8.21339000e+00 3.26266405e-09
8.24253000e+00 1.34831530e-09
8.38856000e+00 4.37089912e-10
8.41727000e+00 6.58567189e-10
8.47472000e+00 4.18808925e-10
8.49388000e+00 3.40399714e-09
8.49693000e+00 2.31983499e-11
8.52069000e+00 1.81457584e-10
8.52381000e+00 1.40571280e-09
8.70781000e+00 4.44389337e-10
8.73737000e+00 6.60360152e-10
8.78396000e+00 3.54994994e-09
8.79130000e+00 2.37479688e-11
8.79654000e+00 4.19121847e-10
8.81468000e+00 1.46496261e-09
8.84647000e+00 1.81509155e-10
9.03920000e+00 4.41568632e-10
9.06965000e+00 6.62057746e-10
9.08393000e+00 3.70076030e-09
9.09587000e+00 2.42987499e-11
9.11548000e+00 1.52607402e-09
9.13058000e+00 4.19413661e-10
9.18471000e+00 1.81565466e-10
9.38320000e+00 4.40250024e-10
9.39415000e+00 3.85661240e-09
9.41098000e+00 2.48558155e-11
9.41456000e+00 6.63665530e-10
9.42654000e+00 1.58916926e-09
9.47731000e+00 4.19685850e-10
9.53589000e+00 1.81616074e-10
9.71497000e+00 4.01765884e-09
9.73702000e+00 2.54183480e-11
9.74030000e+00 4.37526258e-10
9.74822000e+00 1.65450450e-09
9.77259000e+00 6.65189689e-10
9.83720000e+00 4.19940066e-10
9.90049000e+00 1.81661222e-10
1.00467400e+01 4.18407989e-09
1.00743500e+01 2.59817844e-11
1.00808800e+01 1.72222975e-09
1.01109900e+01 4.53342841e-10
1.01442400e+01 6.66635412e-10
1.02107600e+01 4.20177662e-10
1.02790300e+01 1.81707332e-10
1.03898400e+01 4.35608385e-09
1.04233700e+01 2.65507641e-11
1.04248900e+01 1.79228292e-09
1.04957800e+01 4.49887485e-10
1.05300100e+01 6.68007799e-10
1.05985000e+01 4.20399955e-10
1.06720400e+01 1.81757292e-10
1.07446600e+01 4.53384741e-09
1.07806400e+01 1.86464998e-09
1.07844700e+01 2.71200510e-11
1.08952200e+01 4.56750521e-10
1.09304600e+01 6.69311690e-10
1.10009700e+01 4.20608188e-10
1.10800800e+01 1.81804240e-10
1.11116000e+01 4.71746030e-09
1.11485300e+01 1.93949073e-09
1.11580900e+01 2.76954584e-11
1.13098600e+01 4.53849822e-10
1.13461400e+01 6.70551152e-10
1.14187200e+01 4.20803406e-10
1.14910600e+01 4.90706316e-09
1.15037200e+01 1.81842126e-10
1.15289700e+01 2.01695398e-09
1.15446500e+01 2.82723716e-11
1.17402700e+01 4.52774827e-10
1.17776300e+01 6.71730757e-10
1.18523400e+01 4.20986734e-10
1.18834900e+01 5.10295657e-09
1.19224000e+01 2.09705505e-09
1.19435600e+01 1.81886351e-10
1.19446100e+01 2.88531484e-11
1.21870700e+01 4.45118657e-10
1.22255200e+01 6.72853835e-10
1.22893200e+01 5.30546962e-09
1.23024200e+01 4.21159014e-10
1.23292500e+01 2.17981368e-09
1.23584200e+01 2.94385761e-11
1.24002200e+01 1.81928045e-10
1.26508800e+01 4.33420351e-10
1.26904500e+01 6.73924442e-10
1.27090000e+01 5.51477672e-09
1.27499800e+01 2.26537164e-09
1.27696000e+01 4.21321228e-10
1.27865600e+01 3.00246880e-11
1.28743400e+01 1.81959949e-10
1.31323300e+01 4.48432243e-10
1.31430200e+01 5.73101029e-09
1.31730600e+01 6.74945434e-10
1.31850700e+01 2.35389353e-09
1.32295400e+01 3.06141850e-11
1.32545100e+01 4.21474084e-10
1.33665800e+01 1.81999086e-10
1.35918600e+01 5.95438541e-09
1.36321100e+01 4.44124052e-10
1.36350100e+01 2.44544132e-09
1.36740200e+01 6.75920311e-10
1.36878700e+01 3.12042172e-11
1.37578400e+01 4.21618406e-10
1.38776400e+01 1.82037659e-10
1.40560300e+01 6.18514563e-09
1.41003100e+01 2.54004799e-09
1.41509000e+01 4.43329121e-10
1.41620700e+01 3.17985455e-11
1.41940300e+01 6.76851659e-10
1.42802800e+01 4.21754815e-10
1.44082500e+01 1.82072219e-10
1.45360500e+01 6.42358744e-09
1.45814800e+01 2.63786677e-09
1.46527100e+01 3.23957330e-11
1.46894500e+01 4.49265968e-10
1.47338200e+01 6.77742323e-10
1.48225600e+01 4.21883977e-10
1.49591400e+01 1.82108350e-10
1.50324700e+01 6.67002961e-09
1.50790700e+01 2.73910476e-09
1.51603300e+01 3.29920864e-11
1.52484800e+01 4.44849528e-10
1.52941400e+01 6.78594754e-10
1.53854300e+01 4.22006455e-10
1.55311000e+01 1.82134312e-10
1.55458300e+01 6.92474099e-09
1.55936400e+01 2.84384763e-09
1.56855500e+01 3.35947172e-11
1.58287900e+01 4.50628078e-10
1.58757600e+01 6.79411237e-10
1.59696800e+01 4.22122771e-10
1.60767300e+01 7.18792243e-09
1.61249200e+01 1.82164881e-10
1.61257700e+01 2.95209359e-09
1.62289600e+01 3.41959408e-11
1.64311900e+01 4.47856763e-10
1.64795000e+01 6.80194068e-10
1.65761200e+01 4.22233440e-10
1.66257600e+01 7.45974845e-09
1.66760700e+01 3.06394877e-09
1.67414500e+01 1.82192168e-10
1.67912000e+01 3.48012015e-11
1.70565100e+01 4.41684757e-10
1.71062100e+01 6.80945037e-10
1.71935400e+01 7.74035598e-09
1.72055800e+01 4.22338870e-10
1.72451300e+01 3.17963790e-09
1.73729200e+01 3.54057380e-11
1.73815500e+01 1.82228846e-10
1.77056300e+01 4.47994084e-10
1.77567400e+01 6.81666301e-10
1.77807100e+01 8.03012952e-09
1.78336200e+01 3.29930602e-09
1.78589500e+01 4.22439518e-10
1.79747900e+01 3.60155955e-11
1.80461300e+01 1.82250001e-10
1.83794500e+01 4.37334358e-10
1.83879300e+01 8.32977205e-09
1.84320200e+01 6.82359305e-10
1.84421900e+01 3.42300884e-09
1.85371200e+01 4.22535712e-10
1.85975100e+01 3.66238056e-11
1.87361200e+01 1.82277623e-10
1.90158900e+01 8.63971644e-09
1.90715300e+01 3.55084857e-09
1.90789200e+01 4.47508181e-10
1.91329800e+01 6.83025947e-10
1.92410500e+01 4.22627843e-10
1.92418000e+01 3.72352548e-11
1.94524800e+01 1.82303205e-10
1.96652900e+01 8.95988395e-09
1.97223500e+01 3.68302943e-09
1.98050000e+01 4.38664671e-10
1.98605900e+01 6.83667508e-10
1.99084100e+01 3.78470047e-11
1.99717200e+01 4.22716184e-10
2.01962400e+01 1.82325020e-10
2.03368700e+01 9.29034829e-09
2.03953700e+01 3.81975021e-09
2.05587200e+01 4.44339185e-10
2.05981200e+01 3.84601488e-11
2.06158700e+01 6.84285568e-10
2.07301200e+01 4.22801061e-10
2.09684300e+01 1.82349604e-10
2.10313800e+01 9.63171086e-09
2.10913600e+01 3.96114734e-09
2.13117300e+01 3.90758610e-11
2.13411200e+01 4.38510790e-10
2.13998800e+01 6.84881304e-10
2.15173300e+01 4.22882712e-10
2.17496200e+01 9.98455047e-09
2.17701500e+01 1.82373388e-10
2.18111000e+01 4.10735051e-09
2.20500500e+01 3.96906584e-11
2.21533000e+01 4.40727908e-10
2.22137000e+01 6.85456004e-10
2.23344300e+01 4.22961391e-10
2.24923800e+01 1.03491303e-08
2.25554000e+01 4.25847951e-09
2.26025200e+01 1.82396633e-10
2.28139600e+01 4.03085570e-11
2.29963900e+01 4.28286880e-10
2.30584700e+01 6.86010791e-10
2.31825600e+01 4.23037318e-10
2.32605000e+01 1.07256860e-08
2.33251100e+01 4.41466678e-09
2.34667200e+01 1.82411417e-10
2.36043300e+01 4.09267733e-11
2.38715600e+01 4.43633881e-10
2.39353700e+01 6.86546667e-10
2.40548600e+01 1.11146714e-08
2.40629000e+01 4.23110686e-10
2.41210700e+01 4.57613058e-09
2.43639600e+01 1.82437413e-10
2.44220800e+01 4.15446983e-11
2.47800400e+01 4.40817963e-10
2.48456100e+01 6.87064715e-10
2.48763500e+01 1.15165973e-08
2.49442000e+01 4.74310085e-09
2.49766700e+01 4.23181694e-10
2.52681600e+01 4.21655849e-11
2.52955100e+01 1.82457413e-10
2.57231000e+01 4.35251136e-10
2.57258900e+01 1.19318062e-08
2.57904700e+01 6.87565714e-10
2.57954200e+01 4.91576381e-09
2.59251300e+01 4.23250489e-10
2.61435500e+01 4.27865563e-11
2.62626700e+01 1.82472559e-10
2.66044400e+01 1.23606032e-08
2.66756900e+01 5.09428987e-09
2.67020400e+01 4.31422891e-10
2.67712700e+01 6.88050659e-10
2.69096200e+01 4.23317243e-10
2.70492700e+01 4.34060870e-11
2.72668100e+01 1.82495620e-10
2.75130000e+01 1.28035659e-08
2.75859900e+01 5.27888008e-09
2.77182400e+01 4.41468363e-10
2.77893600e+01 6.88520203e-10
2.79314900e+01 4.23382072e-10
2.79863700e+01 4.40289569e-11
2.83093400e+01 1.82508435e-10
2.84525800e+01 1.32614252e-08
2.85273600e+01 5.46974521e-09
2.87731100e+01 4.35546201e-10
2.88461700e+01 6.88975216e-10
2.89559300e+01 4.46519637e-11
2.89921600e+01 4.23445119e-10
2.93917400e+01 1.82522992e-10
2.94242500e+01 1.37345888e-08
2.95008600e+01 5.66706012e-09
2.98681300e+01 4.38370353e-10
2.99431700e+01 6.89416269e-10
2.99590800e+01 4.52742293e-11
3.00931100e+01 4.23506477e-10
3.04291000e+01 1.42232517e-08
3.05075700e+01 5.87097612e-09
3.05155200e+01 1.82540567e-10
3.09969900e+01 4.58996022e-11
3.10048200e+01 4.37148921e-10
3.10818800e+01 6.89844095e-10
3.12358700e+01 4.23566256e-10
3.14682700e+01 1.47278593e-08
3.15486400e+01 6.08171190e-09
3.16822700e+01 1.82559284e-10
3.20708500e+01 4.65221809e-11
3.21847700e+01 4.31858894e-10
3.22639000e+01 6.90259231e-10
3.24220300e+01 4.23624532e-10
3.25429300e+01 1.52491217e-08
3.26252400e+01 6.29956729e-09
3.28936200e+01 1.82568976e-10
3.31819200e+01 4.71472071e-11
3.34096200e+01 4.39939247e-10
3.34908800e+01 6.90662251e-10
3.36532200e+01 4.23681381e-10
3.36542900e+01 1.57876762e-08
3.37385700e+01 6.52482731e-09
3.41513000e+01 1.82587948e-10
3.43314700e+01 4.77703699e-11
3.46810900e+01 4.37186865e-10
3.47645100e+01 6.91053695e-10
3.48036000e+01 1.63440436e-08
3.48898900e+01 6.75774109e-09
3.49311700e+01 4.23736870e-10
3.54570600e+01 1.82599840e-10
3.55208600e+01 4.83969044e-11
3.59921600e+01 1.69187982e-08
3.60009500e+01 4.42118926e-10
3.60805100e+01 6.99853843e-09
3.60865800e+01 6.91434002e-10
3.62576500e+01 4.23791055e-10
3.67514400e+01 4.90207451e-11
3.68127400e+01 1.82613856e-10
3.72213200e+01 1.75126145e-08
3.73117500e+01 7.24742264e-09
3.73710400e+01 4.33096318e-10
3.74589300e+01 6.91803696e-10
3.76345100e+01 4.23844002e-10
3.80246700e+01 4.96472597e-11
3.82202600e+01 1.82624255e-10
3.84924400e+01 1.81261210e-08
3.85850100e+01 7.50463174e-09
3.87932700e+01 4.35460694e-10
3.88834600e+01 6.92163131e-10
3.90636400e+01 4.23895767e-10
3.93420000e+01 5.02725620e-11
3.96815900e+01 1.82635569e-10
3.98069800e+01 1.87597210e-08
3.99017300e+01 7.77051391e-09
4.02696200e+01 4.35550706e-10
4.03621700e+01 6.92512800e-10
4.05470500e+01 4.23946424e-10
4.07049600e+01 5.08981238e-11
4.11664100e+01 1.94139507e-08
4.11988000e+01 1.82648776e-10
4.12633700e+01 8.04542517e-09
4.18021600e+01 4.28548065e-10
4.18971100e+01 6.92852999e-10
4.20867900e+01 4.23996019e-10
4.21151500e+01 5.15238271e-11
4.25722600e+01 2.00898078e-08
4.26714800e+01 8.32963102e-09
4.27740200e+01 1.82660577e-10
4.33930300e+01 4.34366288e-10
4.34904300e+01 6.93184166e-10
4.35741900e+01 5.21490552e-11
4.36850000e+01 4.24044620e-10
4.40261300e+01 2.07883195e-08
4.41276400e+01 8.62339982e-09
4.44094600e+01 1.82670922e-10
4.50444300e+01 4.33033654e-10
4.50837800e+01 5.27760110e-11
4.51443400e+01 6.93506574e-10
4.53438900e+01 4.24092267e-10
4.55296400e+01 2.15100880e-08
4.56334900e+01 8.92705938e-09
4.61074400e+01 1.82679053e-10
4.66456700e+01 5.34001300e-11
4.67586900e+01 4.41817679e-10
4.68611500e+01 6.93820585e-10
4.70657900e+01 4.24139009e-10
4.70845100e+01 2.22555920e-08
4.71907300e+01 9.24095932e-09
4.78703400e+01 1.82689094e-10
4.82616600e+01 5.40260095e-11
4.85381800e+01 4.36275123e-10
4.86432400e+01 6.94126475e-10
4.86924700e+01 2.30255036e-08
4.88011100e+01 9.56543723e-09
4.88530700e+01 4.24184882e-10
4.97006400e+01 1.82700789e-10
4.99336500e+01 5.46521101e-11
5.03553400e+01 2.38205771e-08
5.03854000e+01 4.27275240e-10
5.04664400e+01 9.90083083e-09
5.04931100e+01 6.94424522e-10
5.07082200e+01 4.24229921e-10
5.16009200e+01 1.82712523e-10
5.16635500e+01 5.52783105e-11
5.20750000e+01 2.46417840e-08
5.21886100e+01 1.02474841e-08
5.23029100e+01 4.33084057e-10
5.24133200e+01 6.94715012e-10
5.26338200e+01 4.24274158e-10
5.34533900e+01 5.59027927e-11
5.35738500e+01 1.82719132e-10
5.38533900e+01 2.54902178e-08
5.39695400e+01 1.06057611e-08
5.42934100e+01 4.41452613e-10
5.44065600e+01 6.94998156e-10
5.46325400e+01 4.24317616e-10
5.53052300e+01 5.65271706e-11
5.56222300e+01 1.82724586e-10
5.56925100e+01 2.63666800e-08
5.58112400e+01 1.09760760e-08
5.63596500e+01 4.36032943e-10
5.64756100e+01 6.95274237e-10
5.67071700e+01 4.24360325e-10
5.72212300e+01 5.71537493e-11
5.75944400e+01 2.72717598e-08
5.77158000e+01 1.13588848e-08
5.77489200e+01 1.82734082e-10
5.85045300e+01 4.28921288e-10
5.86233300e+01 6.95543423e-10
5.88605700e+01 4.24402300e-10
5.92036100e+01 5.77800071e-11
5.95613200e+01 2.82064445e-08
5.96853500e+01 1.17545779e-08
5.99569200e+01 1.82743951e-10
6.07310300e+01 4.38638022e-10
6.08527300e+01 6.95805982e-10
6.10957500e+01 4.24443568e-10
6.12546700e+01 5.84033242e-11
6.15953700e+01 2.91721222e-08
6.17221000e+01 1.21634690e-08
6.22493500e+01 1.82751047e-10
6.30422700e+01 4.39801460e-10
6.31669200e+01 6.96062055e-10
6.33767800e+01 5.90263614e-11
6.34158000e+01 4.24484140e-10
6.36988900e+01 3.01698628e-08
6.38283700e+01 1.25860031e-08
6.46294200e+01 1.82751963e-10
6.54414700e+01 4.38071064e-10
6.55691100e+01 6.96311882e-10
6.55724100e+01 5.96519109e-11
6.58239600e+01 4.24524036e-10
6.58742400e+01 3.12002739e-08
6.60065000e+01 1.30228333e-08
6.71005000e+01 1.82761002e-10
6.78441100e+01 6.02745737e-11
6.79319700e+01 4.29113032e-10
6.80626600e+01 6.96555603e-10
6.81238800e+01 3.22642278e-08
6.82589700e+01 1.34744736e-08
6.83235700e+01 4.24563267e-10
6.96660600e+01 1.82764554e-10
7.01945100e+01 6.08981805e-11
7.04503400e+01 3.33631615e-08
7.05172600e+01 4.36825357e-10
7.05883000e+01 1.39411573e-08
7.06510300e+01 6.96793413e-10
7.09181000e+01 4.24601848e-10
7.23297100e+01 1.82768640e-10
7.26263300e+01 6.15206163e-11
7.28562600e+01 3.44983983e-08
7.29971200e+01 1.44232085e-08
7.32009300e+01 4.39070395e-10
7.33378400e+01 6.97025462e-10
7.36111500e+01 4.24639791e-10
7.50952000e+01 1.82773105e-10
7.51424100e+01 6.21432310e-11
7.53443400e+01 3.56708008e-08
7.54881400e+01 1.49212925e-08
7.59867400e+01 4.26169327e-10
7.61268200e+01 6.97251900e-10
7.64064600e+01 4.24677104e-10
7.77456500e+01 6.27668150e-11
7.79173900e+01 3.68813771e-08
7.79664300e+01 1.82785377e-10
7.80641700e+01 1.54361288e-08
7.88785600e+01 4.33357558e-10
7.90218700e+01 6.97472886e-10
7.93079300e+01 4.24713800e-10
8.04390800e+01 6.33885394e-11
8.05783100e+01 3.81318704e-08
8.07281000e+01 1.59683670e-08
8.09474400e+01 1.82793045e-10
8.18804400e+01 4.26387262e-10
8.20270100e+01 6.97688532e-10
8.23195800e+01 4.24749884e-10
8.32258200e+01 6.40082894e-11
8.33301000e+01 3.94240019e-08
8.34829400e+01 1.65186019e-08
8.40424300e+01 1.82801951e-10
8.49965700e+01 4.36559104e-10
8.51464400e+01 6.97899002e-10
8.54455900e+01 4.24785370e-10
8.61091000e+01 6.46322244e-11
8.61758700e+01 4.07583939e-08
8.63317900e+01 1.70871842e-08
8.72557500e+01 1.82803104e-10
8.82312800e+01 4.28126608e-10
8.83845000e+01 6.98104387e-10
8.86903100e+01 4.24820259e-10
8.90922700e+01 6.52492360e-11
8.91188200e+01 4.21354981e-08
8.92778600e+01 1.76744310e-08
9.05919400e+01 1.82804949e-10
9.15890900e+01 4.36047557e-10
9.17456900e+01 6.98304857e-10
9.20582500e+01 4.24854564e-10
9.21622700e+01 4.35569895e-08
9.21787900e+01 6.58714862e-11
9.23244600e+01 1.82810442e-08
9.40556800e+01 1.82809724e-10
9.50747000e+01 4.29307951e-10
9.52347100e+01 6.98500498e-10
9.53096600e+01 4.50250694e-08
9.53722500e+01 6.64907955e-11
9.54750200e+01 1.89079058e-08
9.55540800e+01 4.24888286e-10
9.76518600e+01 1.82815583e-10
9.85645400e+01 4.65415752e-08
9.86763300e+01 6.71103939e-11
9.86929500e+01 4.32317026e-10
9.87331000e+01 1.95558436e-08
9.88564200e+01 6.98691461e-10
9.91826600e+01 4.24921436e-10
1.01385530e+02 1.82818043e-10
1.01930570e+02 4.81081539e-08
1.02094880e+02 6.77284478e-11
1.02102360e+02 2.02256571e-08
1.02448910e+02 4.40094504e-10
1.02615860e+02 6.98877838e-10
1.02949030e+02 4.24954016e-10
1.05261960e+02 1.82826136e-10
1.05411550e+02 4.97261320e-08
1.05586590e+02 2.09178764e-08
1.05631870e+02 6.83471772e-11
1.06347800e+02 4.32970492e-10
1.06518260e+02 6.99059749e-10
1.06858430e+02 4.24986033e-10
1.09011410e+02 5.13966059e-08
1.09189730e+02 2.16328175e-08
1.09286600e+02 1.82823484e-10
1.09291390e+02 6.89654247e-11
1.10395080e+02 4.34911578e-10
1.10569080e+02 6.99237293e-10
1.10916280e+02 4.25017493e-10
1.12734210e+02 5.31211405e-08
1.12915820e+02 2.23711739e-08
1.13077690e+02 6.95846327e-11
1.13465130e+02 1.82833536e-10
1.14596380e+02 4.34655684e-10
1.14773940e+02 6.99410559e-10
1.15128230e+02 4.25048400e-10
1.16584140e+02 5.49018073e-08
1.16769060e+02 2.31340503e-08
1.16995170e+02 7.02000947e-11
1.17803420e+02 1.82835640e-10
1.18957570e+02 4.36832318e-10
1.19138710e+02 6.99579659e-10
1.19500120e+02 4.25078761e-10
1.20565550e+02 5.67406175e-08
1.20753790e+02 2.39224494e-08
1.21048360e+02 7.08183148e-11
1.22307580e+02 1.82840760e-10
1.23484740e+02 4.21445833e-10
1.23669460e+02 6.99744669e-10
1.24038030e+02 4.25108580e-10
1.24682930e+02 5.86394520e-08
1.24874510e+02 2.47371714e-08
1.25241970e+02 7.14346768e-11
1.26983950e+02 1.82845615e-10
1.28184200e+02 4.29877165e-10
1.28372520e+02 6.99905714e-10
1.28748270e+02 4.25137868e-10
1.28940920e+02 6.06000838e-08
1.29135840e+02 2.55789893e-08
1.29580870e+02 7.20481956e-11
1.31839120e+02 1.82847371e-10
1.33062500e+02 4.34834522e-10
1.33254440e+02 7.00062857e-10
1.33344320e+02 6.26240606e-08
1.33542590e+02 2.64486172e-08
1.33637370e+02 4.25166627e-10
1.34070080e+02 7.26623425e-11
1.36879930e+02 1.82849445e-10
1.37898100e+02 6.47132878e-08
1.38099720e+02 2.73468909e-08
1.38126450e+02 4.36966970e-10
1.38322000e+02 7.00216222e-10
1.38712130e+02 4.25194865e-10
1.38714810e+02 7.32800252e-11
1.42113480e+02 1.82852130e-10
1.42607390e+02 6.68706078e-08
1.42812360e+02 2.82749606e-08
1.43383130e+02 4.28198919e-10
1.43520460e+02 7.38929362e-11
1.43582290e+02 7.00365874e-10
1.43979590e+02 4.25222586e-10
1.47477510e+02 6.90987668e-08
1.47547120e+02 1.82859082e-10
1.47685820e+02 2.92339594e-08
1.48492600e+02 7.45079352e-11
1.48839860e+02 4.31470072e-10
1.49042620e+02 7.00511925e-10
1.49447090e+02 4.25249798e-10
1.52513940e+02 7.13994017e-08
1.52725590e+02 3.02246645e-08
1.53188520e+02 1.82854130e-10
1.53636990e+02 7.51214768e-11
1.54504250e+02 4.31940519e-10
1.54710600e+02 7.00654449e-10
1.55122210e+02 4.25276505e-10
1.57722380e+02 7.37740413e-08
1.57937340e+02 3.12478465e-08
1.58959610e+02 7.57333507e-11
1.59045610e+02 1.82856542e-10
1.60384220e+02 4.30270550e-10
1.60594130e+02 7.00793530e-10
1.61012840e+02 4.25302715e-10
1.63108680e+02 7.62250388e-08
1.63326940e+02 3.23046515e-08
1.64466620e+02 7.63438847e-11
1.65126650e+02 1.82861948e-10
1.66487960e+02 4.24092865e-10
1.66701410e+02 7.00929248e-10
1.67127160e+02 4.25328434e-10
1.68678930e+02 7.87550250e-08
1.68900460e+02 3.33963503e-08
1.70164420e+02 7.69545206e-11
1.71440190e+02 1.82864033e-10
1.72823980e+02 4.34512492e-10
1.73040940e+02 7.01061665e-10
1.73473660e+02 4.25353663e-10
1.74439400e+02 8.13666704e-08
1.74664170e+02 3.45240363e-08
1.76059610e+02 7.75634139e-11
1.77995130e+02 1.82873775e-10
1.79401140e+02 4.24454231e-10
1.79621560e+02 7.01190870e-10
1.80061170e+02 4.25378411e-10
1.80396600e+02 8.40627071e-08
1.80624570e+02 3.56887544e-08
1.82159040e+02 7.81726658e-11
1.84800690e+02 1.82874754e-10
1.86228610e+02 4.38512911e-10
1.86452440e+02 7.01316912e-10
1.86557240e+02 8.68459185e-08
1.86788370e+02 3.68917640e-08
1.86898830e+02 4.25402679e-10
1.88469780e+02 7.87776551e-11
1.91866460e+02 1.82878580e-10
1.92928260e+02 8.97191282e-08
1.93162510e+02 3.81344594e-08
1.93315900e+02 4.30678158e-10
1.93543090e+02 7.01439883e-10
1.93996150e+02 4.25426476e-10
1.94999140e+02 7.93826331e-11
1.99202390e+02 1.82877932e-10
1.99516870e+02 9.26848467e-08
1.99754160e+02 3.94180211e-08
2.00672920e+02 4.29520209e-10
2.00903390e+02 7.01559827e-10
2.01362980e+02 4.25449803e-10
2.01754710e+02 7.99883042e-11
2.06330470e+02 9.57454043e-08
2.06570760e+02 4.07434558e-08
2.06818800e+02 1.82877112e-10
2.08309930e+02 4.37208145e-10
2.08543600e+02 7.01676832e-10
2.08744320e+02 8.05967887e-11
2.09009560e+02 4.25472669e-10
2.13376770e+02 9.89038885e-08
2.13619970e+02 4.21121195e-08
2.14726430e+02 1.82886066e-10
2.15976080e+02 8.11979114e-11
2.16237570e+02 4.42981234e-10
2.16474360e+02 7.01790944e-10
2.16946510e+02 4.25495075e-10
2.20663700e+02 1.02164249e-07
2.20909730e+02 4.35257543e-08
2.22936390e+02 1.82887792e-10
2.23458380e+02 8.18017647e-11
2.24466920e+02 4.34871084e-10
2.24706720e+02 7.01902239e-10
2.25184860e+02 4.25517031e-10
2.28199480e+02 1.05529690e-07
2.28448260e+02 4.49858780e-08
2.31199890e+02 8.24021372e-11
2.31460270e+02 1.82885838e-10
2.33009450e+02 4.29730332e-10
2.33252150e+02 7.02010772e-10
2.33736060e+02 4.25538539e-10
2.35992610e+02 1.09002250e-07
2.36244040e+02 4.64936186e-08
2.39209600e+02 8.30047809e-11
2.40310040e+02 1.82895849e-10
2.41877090e+02 4.38222953e-10
2.42122560e+02 7.02116605e-10
2.42611970e+02 4.25559606e-10
2.44051880e+02 1.12585044e-07
2.44305850e+02 4.80503215e-08
2.47496810e+02 8.36043467e-11
2.49498190e+02 1.82889112e-10
2.51082200e+02 4.38237890e-10
2.51330300e+02 7.02219800e-10
2.51824950e+02 4.25580238e-10
2.52386380e+02 1.16283405e-07
2.52642760e+02 4.96578279e-08
2.56071110e+02 8.42025334e-11
2.59037640e+02 1.82892509e-10
2.60637630e+02 4.37575883e-10
2.60888210e+02 7.02320408e-10
2.61005510e+02 1.20101881e-07
2.61264180e+02 5.13179543e-08
2.61387770e+02 4.25600438e-10
2.64942460e+02 8.48006222e-11
2.68941830e+02 1.82894835e-10
2.69918990e+02 1.24041953e-07
2.70179800e+02 5.30322017e-08
2.70556710e+02 4.37278946e-10
2.70809590e+02 7.02418499e-10
2.71313740e+02 4.25620215e-10
2.74121160e+02 8.53991903e-11
2.79136860e+02 1.28105349e-07
2.79224700e+02 1.82898006e-10
2.79399660e+02 5.48021198e-08
2.80853280e+02 4.38181159e-10
2.81108290e+02 7.02514111e-10
2.81616640e+02 4.25639572e-10
2.83617840e+02 8.59983015e-11
2.88669540e+02 1.32296767e-07
2.88934150e+02 5.66295911e-08
2.89900720e+02 1.82896833e-10
2.91541700e+02 4.38997481e-10
2.91798630e+02 7.02607320e-10
2.92310780e+02 4.25658517e-10
2.93443520e+02 8.65913516e-11
2.98527750e+02 1.36621565e-07
2.98794000e+02 5.85165292e-08
3.00984950e+02 1.82896777e-10
3.02636900e+02 4.30523910e-10
3.02895520e+02 7.02698158e-10
3.03411020e+02 4.25677053e-10
3.03609610e+02 8.71865530e-11
3.08722630e+02 1.41084092e-07
3.08990330e+02 6.04643783e-08
3.12492970e+02 1.82901488e-10
3.14127890e+02 8.77786119e-11
3.14154350e+02 4.37602335e-10
3.14414410e+02 7.02786697e-10
3.14932780e+02 4.25695189e-10
3.19265670e+02 1.45688408e-07
3.19534600e+02 6.24745428e-08
3.24441000e+02 1.82898581e-10
3.25010570e+02 8.83754569e-11
3.26110110e+02 4.23879877e-10
3.26371360e+02 7.02872975e-10
3.26892080e+02 4.25712928e-10
3.30168770e+02 1.50438028e-07
3.30438690e+02 6.45492616e-08
3.36270270e+02 8.89659258e-11
3.36845850e+02 1.82903009e-10
3.38520870e+02 4.33271270e-10
3.38783020e+02 7.02957051e-10
3.39305510e+02 4.25730278e-10
3.41444200e+02 1.55336449e-07
3.41714880e+02 6.66911828e-08
3.47920050e+02 8.95570380e-11
3.49725000e+02 1.82905711e-10
3.51403960e+02 4.36493936e-10
3.51666690e+02 7.03038971e-10
3.52190330e+02 4.25747244e-10
3.53104700e+02 1.60389188e-07
3.53375870e+02 6.89025103e-08
3.59973420e+02 9.01468321e-11
3.63096580e+02 1.82903728e-10
3.64777330e+02 4.26747391e-10
3.65040320e+02 7.03118783e-10
3.65163410e+02 1.65602974e-07
3.65434800e+02 7.11851978e-08
3.65564450e+02 4.25763832e-10
3.72444380e+02 9.07355511e-11
3.76979410e+02 1.82906416e-10
3.77633940e+02 1.70981901e-07
3.77905230e+02 7.35414320e-08
3.78659650e+02 4.32378749e-10
3.78922540e+02 7.03196540e-10
3.79446430e+02 4.25780049e-10
3.85347380e+02 9.13243602e-11
3.90530340e+02 1.76527947e-07
3.90801220e+02 7.59735928e-08
3.91393050e+02 1.82910701e-10
3.93070290e+02 4.38182332e-10
3.93332680e+02 7.03272280e-10
3.93855570e+02 4.25795898e-10
3.98697390e+02 9.19117917e-11
4.03867150e+02 1.82245452e-07
4.04137280e+02 7.84838348e-08
4.06357780e+02 1.82912521e-10
4.08029360e+02 4.38363496e-10
4.08290840e+02 7.03346060e-10
4.08811890e+02 4.25811388e-10
4.12509900e+02 9.24991337e-11
4.17659430e+02 1.88141449e-07
4.17928430e+02 8.10740293e-08
4.21894690e+02 1.82914868e-10
4.23557720e+02 4.32511753e-10
4.23817840e+02 7.03417917e-10
4.24336150e+02 4.25826523e-10
4.26800940e+02 9.30869202e-11
4.31922720e+02 1.94221688e-07
4.32190200e+02 8.37464812e-08
4.38025640e+02 1.82911481e-10
4.39677050e+02 4.35456200e-10
4.39935320e+02 7.03487914e-10
4.40449940e+02 4.25841313e-10
4.41587070e+02 9.36688601e-11
4.46673110e+02 2.00489691e-07
4.46938660e+02 8.65041801e-08
4.54773350e+02 1.82914289e-10
4.56409820e+02 4.42920498e-10
4.56665740e+02 7.03556058e-10
4.56885460e+02 9.42498679e-11
4.57175630e+02 4.25855757e-10
4.61927230e+02 2.06950515e-07
4.62190400e+02 8.93499713e-08
4.72161410e+02 1.82917221e-10
4.72713840e+02 9.48335463e-11
4.73779400e+02 4.33294516e-10
4.74032400e+02 7.03622386e-10
4.74536470e+02 4.25869860e-10
4.77702290e+02 2.13612554e-07
4.77962610e+02 9.22861563e-08
4.89090590e+02 9.54149235e-11
4.90214280e+02 1.82911382e-10
4.91810010e+02 4.40892124e-10
4.92059510e+02 7.03686994e-10
4.92556570e+02 4.25883637e-10
4.94016080e+02 2.20483343e-07
4.94273050e+02 9.53152634e-08
5.06034690e+02 9.59980089e-11
5.08957400e+02 1.82918683e-10
5.10526810e+02 4.27677203e-10
5.10772170e+02 7.03710828e-10
5.10886990e+02 2.27566453e-07
5.11140080e+02 9.84405748e-08
5.11260970e+02 4.25888370e-10
5.23565810e+02 9.65750541e-11
5.28334050e+02 2.34865771e-07
5.28417160e+02 1.82918949e-10
5.28582690e+02 1.01665353e-07
5.29955920e+02 4.28566259e-10
5.30196460e+02 7.03710828e-10
5.30675640e+02 4.25888370e-10
5.41704270e+02 9.71549539e-11
5.46376930e+02 2.42389097e-07
5.46620530e+02 1.04991966e-07
5.48620950e+02 1.82916986e-10
5.50124440e+02 4.32302073e-10
5.50359440e+02 7.03710828e-10
5.50827580e+02 4.25888370e-10
5.60471130e+02 9.77327115e-11
5.65035990e+02 2.50144830e-07
5.65273910e+02 1.08422792e-07
5.69597220e+02 1.82916428e-10
5.71060510e+02 4.32243092e-10
5.71289210e+02 7.03710828e-10
5.71744760e+02 4.25888370e-10
5.79888150e+02 9.83106798e-11
5.84332270e+02 2.58138578e-07
5.84563840e+02 1.11961461e-07
5.91375520e+02 1.82922292e-10
5.92793350e+02 4.35931202e-10
5.93014920e+02 7.03710828e-10
5.93456260e+02 4.25888370e-10
5.99977850e+02 9.88821444e-11
6.04287530e+02 2.66375323e-07
6.04512030e+02 1.15612021e-07
6.13986490e+02 1.82921068e-10
6.15353270e+02 4.32308808e-10
6.15566840e+02 7.03710828e-10
6.15992230e+02 4.25888370e-10
6.20763540e+02 9.94596948e-11
6.24924260e+02 2.74862120e-07
6.25140960e+02 1.19377577e-07
6.37461990e+02 1.82924558e-10
6.38771760e+02 4.35994122e-10
6.38976400e+02 7.03710828e-10
6.39383990e+02 4.25888370e-10
6.42269340e+02 1.00030257e-10
6.46265760e+02 2.83606976e-07
6.46473840e+02 1.23260850e-07
6.61835060e+02 1.82923127e-10
6.63081480e+02 4.38020247e-10
6.63276200e+02 7.03710828e-10
6.63664030e+02 4.25888370e-10
6.64520180e+02 1.00601782e-10
6.68336070e+02 2.92616999e-07
6.68534710e+02 1.27265056e-07
6.87140020e+02 1.82918848e-10
6.87541880e+02 1.01174249e-10
6.88316350e+02 4.36493549e-10
6.88500110e+02 7.03710828e-10
6.88866080e+02 4.25888370e-10
6.91160100e+02 3.01898804e-07
6.91348400e+02 1.31393784e-07
7.11361150e+02 1.01744546e-10
7.13412510e+02 1.82923193e-10
7.14511590e+02 4.35532286e-10
7.14683260e+02 7.03710828e-10
7.14763590e+02 3.11459857e-07
7.14940610e+02 1.35650920e-07
7.15025150e+02 4.25888370e-10
7.36005620e+02 1.02310633e-10
7.39173140e+02 3.21308367e-07
7.39337900e+02 1.40040616e-07
7.40689510e+02 1.82922039e-10
7.41703740e+02 4.27360201e-10
7.41862140e+02 7.03710828e-10
7.42177590e+02 4.25888370e-10
7.61503870e+02 1.02878277e-10
7.64416290e+02 3.31451881e-07
7.64567750e+02 1.44566602e-07
7.69009440e+02 1.82921423e-10
7.69930740e+02 4.23483261e-10
7.70074620e+02 7.03710828e-10
7.70361120e+02 4.25888370e-10
7.87885490e+02 1.03442275e-10
7.90521510e+02 3.41897173e-07
7.90658560e+02 1.49232063e-07
7.98412170e+02 1.82926245e-10
7.99231980e+02 4.38106053e-10
7.99359990e+02 7.03710828e-10
7.99614900e+02 4.25888370e-10
8.15181070e+02 1.04009405e-10
8.17518240e+02 3.52651874e-07
8.17639720e+02 1.54040597e-07
8.28939090e+02 1.82921589e-10
8.29648330e+02 4.22890110e-10
8.29759070e+02 7.03710828e-10
8.29979560e+02 4.25888370e-10
8.43422290e+02 1.04568525e-10
8.45436920e+02 3.63724955e-07
8.45541610e+02 1.58996503e-07
8.60633200e+02 1.82926840e-10
8.61222240e+02 4.37287803e-10
8.61314200e+02 7.03710828e-10
8.61497300e+02 4.25888370e-10
8.72641890e+02 1.05131089e-10
8.74309040e+02 3.75125356e-07
8.74395650e+02 1.64104239e-07
8.93539120e+02 1.82926381e-10
8.93997750e+02 4.34469101e-10
8.94069340e+02 7.03710828e-10
8.94211890e+02 4.25888370e-10
9.02873790e+02 1.05691928e-10
9.04167150e+02 3.86861500e-07
9.04234330e+02 1.69368332e-07
9.27703190e+02 1.82931018e-10
9.28020600e+02 4.42815018e-10
9.28070150e+02 7.03710828e-10
9.28168790e+02 4.25888370e-10
9.34153040e+02 1.06248038e-10
9.35044940e+02 3.98941892e-07
9.35091250e+02 1.74793230e-07
9.63173500e+02 1.82930071e-10
9.63338260e+02 4.26615714e-10
9.63363970e+02 7.03710828e-10
9.63415170e+02 4.25888370e-10
9.66515930e+02 1.06805533e-10
9.66977220e+02 4.11375221e-07
9.67001160e+02 1.80382911e-07
1.00000000e+03 7.37637533e-10
