0.01 0.0
0.010990990990990991 0.0
0.011981981981981983 0.0
0.012972972972972972 0.0
0.013963963963963964 0.0
0.014954954954954955 0.0
0.015945945945945946 0.0
0.016936936936936937 0.0
0.01792792792792793 0.0
0.01891891891891892 0.0
0.01990990990990991 0.0
0.020900900900900903 1.822011940658473e-06
0.02189189189189189 3.2200737669823157e-07
0.022882882882882885 -7.049377165050889e-08
0.023873873873873873 8.472146289167491e-06
0.024864864864864868 1.3743704024162546e-05
0.025855855855855855 1.2825930930449181e-05
0.02684684684684685 5.712440123742873e-05
0.027837837837837838 0.00011386366191226209
0.028828828828828833 9.705680455574764e-05
0.02981981981981982 0.00010031173135649775
0.030810810810810815 0.00018151325779218214
0.0318018018018018 0.00029120447816605963
0.0327927927927928 0.00034674575153410136
0.033783783783783786 0.0004549356258002841
0.03477477477477477 0.0006049243409599384
0.03576576576576577 0.0006724607689445224
0.036756756756756756 0.0007390425875378887
0.03774774774774775 0.0008930154537727768
0.03873873873873874 0.0011072113152377698
0.03972972972972973 0.0012942012060997237
0.04072072072072072 0.0013510172003743592
0.041711711711711716 0.0014783637880798198
0.042702702702702704 0.00199266531443417
0.0436936936936937 0.0026925439519626068
0.044684684684684686 0.003183971524875979
0.04567567567567568 0.0034954459913690413
0.04666666666666667 0.003833311947945118
0.047657657657657664 0.004162173507508214
0.04864864864864865 0.004303579992408397
0.049639639639639646 0.004244020320381577
0.050630630630630634 0.004140099478574154
0.05162162162162163 0.004136529533725736
0.052612612612612616 0.004333492197602717
0.05360360360360361 0.004812704009610763
0.0545945945945946 0.005559177289078391
0.055585585585585594 0.006511027026529848
0.05657657657657658 0.0074776447861800545
0.05756756756756757 0.008024304323423399
0.058558558558558564 0.007750985871274395
0.05954954954954955 0.007135812392011142
0.06054054054054055 0.007308267733999908
0.061531531531531534 0.009145304597814034
0.06252252252252252 0.011828963670088366
0.06351351351351352 0.013880439039495537
0.06450450450450451 0.014200504544729974
0.06549549549549549 0.013444840418259382
0.06648648648648649 0.012773998068717972
0.06747747747747748 0.013121148993934541
0.06846846846846848 0.014246826202529244
0.06945945945945946 0.015534724905036849
0.07045045045045045 0.016440363960713206
0.07144144144144145 0.017073670462130475
0.07243243243243244 0.017893652406819296
0.07342342342342342 0.019351958124738458
0.07441441441441442 0.021503908413892596
0.0754054054054054 0.023899491856025322
0.0763963963963964 0.026055864868223644
0.07738738738738739 0.027582254955373028
0.07837837837837838 0.028562733045010488
0.07936936936936936 0.02923400719151793
0.08036036036036036 0.029832048308932328
0.08135135135135135 0.030506229078685797
0.08234234234234235 0.031243499189850372
0.08333333333333333 0.03201292696591744
0.08432432432432432 0.0327848734328929
0.08531531531531532 0.0335702154226821
0.08630630630630631 0.03442743282332099
0.0872972972972973 0.035417727232443075
0.08828828828828829 0.03659881539103915
0.08927927927927928 0.03791553575618061
0.09027027027027026 0.039177971290970094
0.09126126126126126 0.040188301570120405
0.09225225225225225 0.040750497677934885
0.09324324324324325 0.04089771808600223
0.09423423423423423 0.04111507588596627
0.09522522522522522 0.04194057818978666
0.09621621621621622 0.04391223210942308
0.09720720720720721 0.04742008228452742
0.0981981981981982 0.051905307452044074
0.09918918918918919 0.05643447493086163
0.10018018018018018 0.06007323500820527
0.10117117117117118 0.0618924027937304
0.10216216216216216 0.06163091774547062
0.10315315315315315 0.06034921491377017
0.10414414414414415 0.059262950166020435
0.10513513513513513 0.05958777936961282
0.10612612612612612 0.0625082287857915
0.10711711711711712 0.06812972304941631
0.10810810810810811 0.07522732832562289
0.1090990990990991 0.0824940385988215
0.11009009009009009 0.08862284785342275
0.11108108108108108 0.0923277049877183
0.11207207207207208 0.09327502542251902
0.11306306306306306 0.09245474742400889
0.11405405405405405 0.09095450264791324
0.11504504504504505 0.08986192274995736
0.11603603603603604 0.0902644314450022
0.11702702702702703 0.09284236094974108
0.11801801801801802 0.0970187253915478
0.11900900900900901 0.1019745588526866
0.12000000000000001 0.10689089541542171
0.12099099099099099 0.11094876916201742
0.12198198198198199 0.11336919033105841
0.12297297297297298 0.1140864395237703
0.12396396396396396 0.11364943038025384
0.12495495495495496 0.11262718814084527
0.12594594594594596 0.1115887380458809
0.12693693693693694 0.11110310533569707
0.12792792792792793 0.11168254577873751
0.12891891891891893 0.11335292650679095
0.12990990990990992 0.11589290970037781
0.13090090090090092 0.11907920907549427
0.1318918918918919 0.12268853834813619
0.13288288288288289 0.12649761123429973
0.1338738738738739 0.13029530896418193
0.13486486486486488 0.1340053287262614
0.13585585585585588 0.13763529705743022
0.13684684684684686 0.14119410851152925
0.13783783783783785 0.14469065764239952
0.13882882882882885 0.14813383900388213
0.13981981981981983 0.15153272654964312
0.14081081081081082 0.15490802831133615
0.14180180180180182 0.15829900407482903
0.1427927927927928 0.161746571707111
0.14378378378378381 0.16529164907517163
0.1447747747747748 0.16897515404600014
0.14576576576576578 0.17283800448658607
0.14675675675675678 0.1769180551687797
0.14774774774774777 0.181217038463354
0.14873873873873875 0.18571313559301272
0.14972972972972975 0.19038412404245694
0.15072072072072074 0.19520778129638755
0.15171171171171174 0.2001618848395058
0.15270270270270273 0.20522421215651251
0.1536936936936937 0.21036510407601183
0.15468468468468471 0.21547123034362017
0.1556756756756757 0.22037724373580642
0.15666666666666668 0.2249170555105398
0.15765765765765768 0.22892457692578966
0.15864864864864867 0.23223371923952502
0.15963963963963965 0.2346783937097151
0.16063063063063066 0.23609738343418044
0.16162162162162164 0.23655108936045996
0.16261261261261264 0.23640824281451983
0.16360360360360363 0.236060396787951
0.1645945945945946 0.2358991042723442
0.16558558558558562 0.23631591825929024
0.1665765765765766 0.23770239174037985
0.16756756756756758 0.24045007770720397
0.16855855855855859 0.2449031506912591
0.16954954954954957 0.2509570106211797
0.17054054054054055 0.2582596103020936
0.17153153153153156 0.26645637856745846
0.17252252252252254 0.27519274431783836
0.17351351351351355 0.284114136453798
0.17450450450450453 0.29286598387590107
0.1754954954954955 0.30109372714163435
0.17648648648648652 0.3084698802953165
0.1774774774774775 0.31493403961954636
0.17846846846846848 0.3205779924625146
0.17945945945945949 0.32549530906457064
0.18045045045045047 0.32977960845106663
0.18144144144144148 0.33352440137188366
0.18243243243243246 0.3368232541252273
0.18342342342342344 0.339769732112302
0.18441441441441445 0.34245745273364697
0.18540540540540543 0.3449835727038394
0.1863963963963964 0.3474509820090283
0.18738738738738742 0.34996308916903657
0.1883783783783784 0.3526233080575021
0.18936936936936938 0.3555350556918924
0.1903603603603604 0.35880174995576536
0.19135135135135137 0.36252680875269283
0.19234234234234238 0.3668136499862472
0.19333333333333336 0.3717673903195875
0.19432432432432434 0.3773586483476207
0.19531531531531535 0.38343497583555847
0.19630630630630633 0.38984653716338385
0.1972972972972973 0.3964434920255118
0.19828828828828832 0.4030760117994983
0.1992792792792793 0.4095942678628981
0.20027027027027028 0.41584843159910745
0.2012612612612613 0.4216886746960621
0.20225225225225227 0.42697232510540345
0.20324324324324328 0.43165043421916766
0.20423423423423426 0.4357982021414869
0.20522522522522524 0.43951514555906407
0.20621621621621625 0.4429007811586017
0.20720720720720723 0.44605462562680215
0.2081981981981982 0.4490762210930038
0.20918918918918922 0.45206506009763864
0.2101801801801802 0.45512068672606754
0.2111711711711712 0.4583425903640958
0.2121621621621622 0.4618249863149742
0.21315315315315317 0.4656008331255047
0.21414414414414418 0.4696637270643257
0.21513513513513516 0.4740066149606532
0.21612612612612614 0.47862244087610456
0.21711711711711715 0.4835041525281057
0.21810810810810813 0.48864469523069387
0.2190990990990991 0.49403702416813755
0.22009009009009012 0.49967409582338074
0.2210810810810811 0.5055488666793674
0.2220720720720721 0.5116527679586871
0.2230630630630631 0.5179522204013176
0.22405405405405407 0.5243932070810711
0.22504504504504508 0.530921111663364
0.22603603603603606 0.5374813177484654
0.22702702702702704 0.5440192092588277
0.22801801801801805 0.5504801702969317
0.22900900900900903 0.556809584965474
0.23000000000000004 0.5629528373671511
0.23099099099099102 0.5688553122107001
0.231981981981982 0.5744624210111454
0.232972972972973 0.5797342280186502
0.233963963963964 0.5846909750225358
0.23495495495495497 0.5893683428908713
0.23594594594594598 0.5938020134589864
0.23693693693693696 0.5980276685981136
0.23792792792792794 0.6020809901794859
0.23891891891891895 0.605997660074335
0.23990990990990993 0.60981335748472
0.24090090090090094 0.6135637605237596
0.24189189189189192 0.6172845535174473
0.2428828828828829 0.6210114186212969
0.2438738738738739 0.6247775500812384
0.2448648648648649 0.6286034421409978
0.24585585585585587 0.632505614627079
0.24684684684684688 0.6365005875404329
0.24783783783783786 0.6406048808820108
0.24882882882882884 0.6448350146229634
0.24981981981981985 0.6492075082591681
0.2508108108108108 0.6537388809060114
0.25180180180180184 0.658445651435106
0.2527927927927928 0.6633443349587734
0.2537837837837838 0.6684514442463805
0.2547747747747748 0.6737833295111222
0.25576576576576576 0.679345076002454
0.25675675675675674 0.6851235453269623
0.2577477477477478 0.6911039524169312
0.25873873873873876 0.6972715123116003
0.25972972972972974 0.7036114402001588
0.2607207207207207 0.7101089511988101
0.26171171171171176 0.7167492592350251
0.26270270270270274 0.7235175768260446
0.2636936936936937 0.7303991163771544
0.2646846846846847 0.7373790902936435
0.2656756756756757 0.7444427109807987
0.2666666666666667 0.7515751793300016
0.2676576576576577 0.7587550422928526
0.2686486486486487 0.7659444677179614
0.26963963963963966 0.77310322598529
0.27063063063063064 0.7801910876542271
0.2716216216216216 0.7871678228509372
0.27261261261261266 0.7939932011165265
0.27360360360360364 0.8006269919766972
0.2745945945945946 0.8070289649571523
0.2755855855855856 0.8131588895835955
0.2765765765765766 0.8189765353817298
0.2775675675675676 0.824441671903321
0.2785585585585586 0.8295140688265082
0.2795495495495496 0.8341557705638393
0.28054054054054056 0.8383883952989286
0.28153153153153154 0.8423024005817528
0.2825225225225225 0.8459925112036495
0.28351351351351356 0.849553451915602
0.28450450450450454 0.8530799474685941
0.2854954954954955 0.8566667226136092
0.2864864864864865 0.8604085021016314
0.2874774774774775 0.8644000106759341
0.2884684684684685 0.8687359729923618
0.2894594594594595 0.8735111136513819
0.2904504504504505 0.8788201790644392
0.29144144144144146 0.8847578735309629
0.29243243243243244 0.8914220093233817
0.2934234234234235 0.8988847686370189
0.29441441441441446 0.907044950937022
0.29540540540540544 0.9158026240693014
0.2963963963963964 0.9250578558797674
0.2973873873873874 0.9347107142143306
0.2983783783783784 0.9446612668996635
0.2993693693693694 0.9548095816937132
0.3003603603603604 0.965055725032775
0.3013513513513514 0.9752997600161895
0.30234234234234236 0.9854417556529084
0.30333333333333334 0.9953817768093605
0.3043243243243244 1.0050198881160204
0.30531531531531536 1.0142561542033615
0.30630630630630634 1.022994080713131
0.3072972972972973 1.0311884810017498
0.3082882882882883 1.0388519884373186
0.3092792792792793 1.0460299042694823
0.3102702702702703 1.052767529808059
0.3112612612612613 1.0591101663776386
0.3122522522522523 1.065103115346748
0.31324324324324326 1.0707916778432864
0.31423423423423424 1.0762211533317836
0.3152252252252253 1.0814368407765487
0.31621621621621626 1.0864840391418067
0.31720720720720724 1.091408047391783
0.3181981981981982 1.0962541644907042
0.3191891891891892 1.1010676894027953
0.3201801801801802 1.1058939211239047
0.3211711711711712 1.1107774992217123
0.3221621621621622 1.1157502044423142
0.3231531531531532 1.120832113236573
0.32414414414414416 1.1260428736321568
0.32513513513513514 1.1314021326899946
0.3261261261261262 1.1369295362178111
0.32711711711711716 1.1426447298923497
0.32810810810810814 1.148567359390357
0.3290990990990991 1.1547170703885763
0.3300900900900901 1.1611135085637545
0.3310810810810811 1.167776319592635
0.3320720720720721 1.1747251612795933
0.3330630630630631 1.181979671692935
0.3340540540540541 1.1895594919964134
0.33504504504504506 1.197484267911929
0.33603603603603605 1.205773515030292
0.3370270270270271 1.2144240422671801
0.33801801801801806 1.2233844545285808
0.33900900900900904 1.232597214704476
0.34 1.2420047856848504
0.340990990990991 1.2515496303596871
0.34198198198198204 1.261174211618969
0.342972972972973 1.2708209923526805
0.343963963963964 1.2804324337047484
0.344954954954955 1.2899509973447831
0.34594594594594597 1.2993191497794656
0.34693693693693695 1.3084793559371217
0.347927927927928 1.3173740804802059
0.34891891891891896 1.3259457874360543
0.34990990990990994 1.3341369384528252
0.3509009009009009 1.3418899934955764
0.3518918918918919 1.349147545523913
0.35288288288288294 1.3558867518813271
0.3538738738738739 1.3621655133513586
0.3548648648648649 1.3680532578618905
0.3558558558558559 1.373619413340805
0.35684684684684687 1.378933407692702
0.35783783783783785 1.3840646685759228
0.3588288288288289 1.3890826235008036
0.35981981981981986 1.3940566999806263
0.36081081081081084 1.3990563256722184
0.3618018018018018 1.4041509285422757
0.3627927927927928 1.4094099386350936
0.36378378378378384 1.4149027875163975
0.3647747747747748 1.4206989067871436
0.3657657657657658 1.426867728048292
0.3667567567567568 1.4334786829007993
0.36774774774774777 1.4406012029456234
0.36873873873873875 1.4483035075909745
0.3697297297297298 1.4566042562294628
0.37072072072072076 1.4654563986056894
0.37171171171171175 1.47480836663047
0.3727027027027027 1.4846085922374865
0.3736936936936937 1.4948055074247881
0.37468468468468474 1.5053475443586635
0.3756756756756757 1.5161831351319581
0.3766666666666667 1.52726071155193
0.3776576576576577 1.5385287053755148
0.37864864864864867 1.549935548359652
0.37963963963963965 1.5614296722612786
0.3806306306306307 1.5729595088373334
0.38162162162162167 1.5844734898447528
0.38261261261261265 1.5959200470404729
0.3836036036036036 1.6072476121358155
0.3845945945945946 1.6184046164947252
0.38558558558558564 1.6293394913213664
0.3865765765765766 1.640006465395112
0.3875675675675676 1.6504035052427088
0.3885585585585586 1.6605485269303337
0.38954954954954957 1.670459547943244
0.39054054054054055 1.6801545858055873
0.3915315315315316 1.6896516580482834
0.39252252252252257 1.6989687822022495
0.39351351351351355 1.7081239757984057
0.3945045045045045 1.7171352563676696
0.3954954954954955 1.7260206414409613
0.39648648648648654 1.7347981485491988
0.3974774774774775 1.7434857952563132
0.3984684684684685 1.7521015996145586
0.3994594594594595 1.7606635800492356
0.40045045045045047 1.7691897549950744
0.4014414414414415 1.7776981428452816
0.4024324324324325 1.7862067618415938
0.40342342342342347 1.7947336303217907
0.40441441441441445 1.8032965845130193
0.40540540540540543 1.811905099636441
0.4063963963963964 1.8205571265502831
0.40738738738738745 1.829249783420625
0.4083783783783784 1.8379801884135443
0.4093693693693694 1.8467454596951183
0.4103603603603604 1.8555427154314275
0.41135135135135137 1.8643690737885499
0.4123423423423424 1.873221652855334
0.4133333333333334 1.8820975702768936
0.41432432432432437 1.8909939435401675
0.41531531531531535 1.8999078901325215
0.41630630630630633 1.9088365276787203
0.4172972972972973 1.9177769741125847
0.41828828828828835 1.9267263473401868
0.4192792792792793 1.9356817639994386
0.4202702702702703 1.9446403396247558
0.4212612612612613 1.9535991897137335
0.42225225225225227 1.962555429763963
0.4232432432432433 1.9715061755495735
0.4242342342342343 1.9804493455938692
0.42522522522522527 1.9893853644295465
0.42621621621621625 1.9983151418829004
0.42720720720720723 2.0072395878134097
0.4281981981981982 2.0161596125347647
0.42918918918918925 2.0250761266898953
0.4301801801801802 2.033990040929097
0.4311711711711712 2.042902265828122
0.4321621621621622 2.05181371144342
0.43315315315315317 2.060725287610525
0.4341441441441442 2.069637904372663
0.4351351351351352 2.078552472734314
0.43612612612612617 2.0874699039767943
0.43711711711711715 2.0963911093814467
0.43810810810810813 2.105317000229614
0.4390990990990991 2.1142484878026377
0.44009009009009015 2.123186483381861
0.44108108108108113 2.1321318982486237
0.4420720720720721 2.1410856436842725
0.4430630630630631 2.150048630928821
0.44405405405405407 2.1590215771606087
0.4450450450450451 2.168003959416594
0.4460360360360361 2.176994819308226
0.44702702702702707 2.1859931997732684
0.44801801801801805 2.1949981444759716
0.44900900900900903 2.204008697336019
0.45000000000000007 2.2130239022895903
0.45099099099099105 2.2220428034062767
0.45198198198198203 2.2310644448212416
0.452972972972973 2.2400878706700973
0.453963963963964 2.2491121250884625
0.45495495495495497 2.258136252211949
0.455945945945946 2.2671592961761755
0.456936936936937 2.2761803011167565
0.45792792792792797 2.2851983111693075
0.45891891891891895 2.2942123704714064
0.45990990990990993 2.3032215232357727
0.46090090090090097 2.3122248137720867
0.46189189189189195 2.3212212863964417
0.46288288288288293 2.3302099854234313
0.4638738738738739 2.339189955090761
0.4648648648648649 2.348160449821561
0.46585585585585587 2.3571228218165787
0.4668468468468469 2.3660796234710695
0.4678378378378379 2.3750334202210195
0.46882882882882887 2.3839867772810415
0.46981981981981985 2.3929422598657375
0.47081081081081083 2.401902433189717
0.47180180180180187 2.4108698624675866
0.47279279279279285 2.4198471129139527
0.47378378378378383 2.4288367497434216
0.4747747747747748 2.437841338170601
0.4757657657657658 2.446863443401492
0.47675675675675677 2.455905630306407
0.4777477477477478 2.4649704633188354
0.4787387387387388 2.474060506843007
0.47972972972972977 2.483178325282725
0.48072072072072075 2.492326482972722
0.48171171171171173 2.501507544102678
0.48270270270270277 2.510724072843987
0.48369369369369375 2.51997863338513
0.48468468468468473 2.5292737902048676
0.4856756756756757 2.538612108024466
0.4866666666666667 2.5479960316206425
0.4876576576576577 2.5574258161472843
0.4886486486486487 2.5668998032811974
0.4896396396396397 2.5764162702911677
0.49063063063063067 2.5859734944459807
0.49162162162162165 2.5955697530144186
0.49261261261261263 2.6052033232652687
0.49360360360360367 2.6148724825423444
0.49459459459459465 2.624575508799575
0.49558558558558563 2.634310680287732
0.4965765765765766 2.644076275259568
0.4975675675675676 2.6538705719821203
0.49855855855855863 2.6636918491184867
0.4995495495495496 2.67353838576942
0.5005405405405405 2.6834084610583138
0.5015315315315315 2.693300354097679
0.5025225225225225 2.7032123437679805
0.5035135135135135 2.713142708727218
0.5045045045045046 2.7230897276244383
0.5054954954954956 2.7330516791086903
0.5064864864864865 2.743026841829019
0.5074774774774775 2.7530134944344704
0.5084684684684685 2.763009915574099
0.5094594594594595 2.7730144231384535
0.5104504504504505 2.78302751866545
0.5114414414414414 2.793053086993444
0.5124324324324325 2.8030953122011395
0.5134234234234235 2.8131583786732337
0.5144144144144145 2.8232464708086322
0.5154054054054055 2.8333637730062606
0.5163963963963965 2.8435144698474706
0.5173873873873874 2.85370274654985
0.5183783783783784 2.8639327884695835
0.5193693693693694 2.8742087809628627
0.5203603603603604 2.8845349094025132
0.5213513513513514 2.894915359285327
0.5223423423423423 2.9053543161640354
0.5233333333333334 2.915855965591643
0.5243243243243244 2.9264244931211496
0.5253153153153154 2.9370640843055646
0.5263063063063064 2.9477789246978894
0.5272972972972974 2.958573199851129
0.5282882882882883 2.9694510953182847
0.5292792792792793 2.9804167966523623
0.5302702702702703 2.9914744893459293
0.5312612612612613 3.002628357706259
0.5322522522522523 3.013882584959064
0.5332432432432432 3.0252413542399954
0.5342342342342343 3.0367074522330944
0.5352252252252253 3.048278467766483
0.5362162162162163 3.0599507759877382
0.5372072072072073 3.071720751813057
0.5381981981981983 3.0835847701586223
0.5391891891891892 3.095539205937195
0.5401801801801802 3.1075804339140554
0.5411711711711712 3.119704828653953
0.5421621621621622 3.13190876470727
0.5431531531531532 3.144188616624407
0.5441441441441441 3.1565407589557553
0.5451351351351352 3.1689615662517103
0.5461261261261262 3.18144741306266
0.5471171171171172 3.1939946739390024
0.5481081081081082 3.2065997234311303
0.5490990990990992 3.219258936089434
0.5500900900900901 3.231968686780318
0.5510810810810811 3.2447253520889143
0.5520720720720721 3.2575253091818697
0.5530630630630631 3.2703649352262927
0.5540540540540541 3.2832406073879477
0.555045045045045 3.2961487023695835
0.5560360360360361 3.3090855957353034
0.5570270270270271 3.322047662877327
0.5580180180180181 3.3350312791878802
0.5590090090090091 3.348032707618043
0.56 3.3610462640571597
0.560990990990991 3.3740646176297195
0.561981981981982 3.3870803856107674
0.562972972972973 3.400086185275366
0.563963963963964 3.4130746338985603
0.564954954954955 3.4260383487554016
0.5659459459459459 3.438969947120943
0.566936936936937 3.451862046270242
0.567927927927928 3.464707263478341
0.568918918918919 3.4774982160202974
0.56990990990991 3.4902275210945035
0.570900900900901 3.502887794324562
0.5718918918918919 3.5154716498573317
0.5728828828828829 3.527971701782644
0.5738738738738739 3.5403805641903316
0.5748648648648649 3.5526908512428097
0.5758558558558559 3.564895177996986
0.576846846846847 3.5769861601119155
0.5778378378378379 3.5889564132578675
0.5788288288288289 3.600798553105116
0.5798198198198199 3.61250519531717
0.5808108108108109 3.6240689552474654
0.5818018018018019 3.635482447817121
0.5827927927927928 3.6467382879151877
0.5837837837837838 3.657829090430722
0.5847747747747748 3.6687474702527725
0.5857657657657658 3.6794893263398767
0.5867567567567568 3.6900686591142553
0.5877477477477479 3.7005056720465004
0.5887387387387388 3.7108205741129368
0.5897297297297298 3.7210335742898897
0.5907207207207208 3.73116488159198
0.5917117117117118 3.74123470640276
0.5927027027027028 3.7512632608177987
0.5936936936936937 3.761270757040644
0.5946846846846847 3.771277407274841
0.5956756756756757 3.7813034237372998
0.5966666666666667 3.791369019234508
0.5976576576576577 3.8014944073822527
0.5986486486486488 3.8116998018550032
0.5996396396396397 3.8220054163272246
0.6006306306306307 3.8324314644733866
0.6016216216216217 3.84299815999088
0.6026126126126127 3.8537257167917938
0.6036036036036037 3.8646343489055703
0.6045945945945946 3.8757442703628366
0.6055855855855856 3.887075695194227
0.6065765765765766 3.898648837430369
0.6075675675675676 3.9104839111018954
0.6085585585585586 3.922601130239436
0.6095495495495497 3.935020708873622
0.6105405405405406 3.947762861035084
0.6115315315315316 3.960847800754452
0.6125225225225226 3.9742957419979548
0.6135135135135136 3.9881196520849618
0.6145045045045046 4.002299982837374
0.6154954954954955 4.016808093541144
0.6164864864864865 4.03161534333596
0.6174774774774775 4.0466930913617585
0.6184684684684685 4.06201269677348
0.6194594594594595 4.07754551874951
0.6204504504504506 4.09326291647028
0.6214414414414415 4.109136249116206
0.6224324324324325 4.1251368758677165
0.6234234234234235 4.141236155908459
0.6244144144144145 4.157405448728066
0.6254054054054055 4.173616114369798
0.6263963963963964 4.189839512935202
0.6273873873873874 4.206047004525832
0.6283783783783784 4.222209949243229
0.6293693693693694 4.238299707188944
0.6303603603603604 4.254287638464525
0.6313513513513515 4.270145103171517
0.6323423423423424 4.2858434614114715
0.6333333333333334 4.301354073285933
0.6343243243243244 4.316648298896449
0.6353153153153154 4.331697498410926
0.6363063063063064 4.346473032453416
0.6372972972972973 4.360946261839744
0.6382882882882883 4.37508854738639
0.6392792792792793 4.388871249909844
0.6402702702702703 4.402265730213723
0.6412612612612613 4.415243348749685
0.6422522522522524 4.427778596667795
0.6432432432432433 4.439877272359179
0.6442342342342343 4.451563223784977
0.6452252252252253 4.462860518323149
0.6462162162162163 4.473793223351642
0.6472072072072073 4.484385406070188
0.6481981981981982 4.494661132935221
0.6491891891891892 4.504644470209445
0.6501801801801802 4.514359484155551
0.6511711711711712 4.523830241036244
0.6521621621621622 4.533080807114218
0.6531531531531533 4.542135248652178
0.6541441441441442 4.551017631912815
0.6551351351351352 4.55975202315883
0.6561261261261262 4.568362488652926
0.6571171171171172 4.576873094657792
0.6581081081081082 4.585307907425012
0.6590990990990991 4.593690992277205
0.6600900900900901 4.6020464129224035
0.6610810810810811 4.610398232907116
0.6620720720720721 4.618770515777847
0.6630630630630631 4.627187325081099
0.6640540540540542 4.635672724280906
0.6650450450450451 4.6442507761489695
0.6660360360360361 4.652945543111061
0.6670270270270271 4.661781087590412
0.6680180180180181 4.67078147201023
0.6690090090090091 4.679970758793736
0.67 4.689373010364151
0.670990990990991 4.699012289360306
0.671981981981982 4.708912657496221
0.672972972972973 4.719090794117655
0.6739639639639641 4.729539602433187
0.674954954954955 4.740247208820589
0.675945945945946 4.7512017396576285
0.676936936936937 4.7623913213220685
0.677927927927928 4.7738040801916855
0.678918918918919 4.78542814264424
0.67990990990991 4.797251635057506
0.6809009009009009 4.809262683809247
0.6818918918918919 4.821449415277233
0.6828828828828829 4.833799956070933
0.6838738738738739 4.846302434049223
0.684864864864865 4.858944977490234
0.685855855855856 4.871715714672395
0.6868468468468469 4.884602773874144
0.6878378378378379 4.897594283380672
0.6888288288288289 4.910678372915152
0.6898198198198199 4.923843175412386
0.6908108108108109 4.937076824242233
0.6918018018018018 4.950367452774552
0.6927927927927928 4.963703194379207
0.6937837837837838 4.977072182426053
0.6947747747747748 4.990462550284953
0.6957657657657659 5.003862431229047
0.6967567567567569 5.017259957823493
0.6977477477477478 5.0306432623187955
0.6987387387387388 5.044000476964031
0.6997297297297298 5.057319734008273
0.7007207207207208 5.070589165700596
0.7017117117117118 5.083796904290073
0.7027027027027027 5.096931082025779
0.7036936936936937 5.109979831156792
0.7046846846846847 5.122934613175768
0.7056756756756757 5.1358004205138705
0.7066666666666668 5.148585704054665
0.7076576576576578 5.161298914619828
0.7086486486486487 5.173948501437284
0.7096396396396397 5.186542912518022
0.7106306306306307 5.19909059584229
0.7116216216216217 5.211599999390344
0.7126126126126127 5.224079571142429
0.7136036036036036 5.2365377590364
0.7145945945945946 5.248983010601713
0.7155855855855856 5.26142377313967
0.7165765765765766 5.27386849394908
0.7175675675675677 5.286325620328755
0.7185585585585587 5.298803599577493
0.7195495495495496 5.311310878994113
0.7205405405405406 5.323855905877412
0.7215315315315316 5.336447127646118
0.7225225225225226 5.349092992501863
0.7235135135135136 5.361801948960464
0.7245045045045045 5.374582445538582
0.7254954954954955 5.387442930752886
0.7264864864864865 5.4003918531200386
0.7274774774774775 5.4134376611567046
0.7284684684684686 5.426588803379544
0.7294594594594596 5.43985372830522
0.7304504504504505 5.453240884450398
0.7314414414414415 5.466758720331747
0.7324324324324325 5.4804156844659255
0.7334234234234235 5.4942202253906975
0.7344144144144145 5.508180792531283
0.7354054054054054 5.5223058365061695
0.7363963963963964 5.536603808017803
0.7373873873873874 5.551082958214757
0.7383783783783784 5.565743208920656
0.7393693693693695 5.580573394820046
0.7403603603603605 5.595561587287442
0.7413513513513514 5.61069585593975
0.7423423423423424 5.625964270230756
0.7433333333333334 5.641354899614253
0.7443243243243244 5.656855813544024
0.7453153153153154 5.6724550814738635
0.7463063063063063 5.688140772857556
0.7472972972972973 5.703900957148897
0.7482882882882883 5.719723703762504
0.7492792792792793 5.73559708190529
0.7502702702702704 5.7515091607155595
0.7512612612612614 5.767448009331588
0.7522522522522523 5.783401696891632
0.7532432432432433 5.7993582925339755
0.7542342342342343 5.815305865396878
0.7552252252252253 5.831232484618605
0.7562162162162163 5.847126219337432
0.7572072072072072 5.862975138691624
0.7581981981981982 5.8787673118194474
0.7591891891891892 5.894490807859174
0.7601801801801802 5.910133695947604
0.7611711711711713 5.925684044917948
0.7621621621621623 5.941129922929849
0.7631531531531532 5.956459398052413
0.7641441441441442 5.971660538354733
0.7651351351351352 5.986721411905907
0.7661261261261262 6.00163008677503
0.7671171171171172 6.016374631247993
0.7681081081081081 6.0309431146317705
0.7690990990990991 6.045323606533661
0.7700900900900901 6.059504176561014
0.7710810810810811 6.073472894321177
0.7720720720720722 6.087217856134917
0.7730630630630632 6.100733330117087
0.7740540540540541 6.114027597908363
0.7750450450450451 6.127110874491482
0.7760360360360361 6.139993374929931
0.7770270270270271 6.152685314625258
0.7780180180180181 6.165196909067419
0.779009009009009 6.17753837374639
0.78 6.189719924152131
0.780990990990991 6.201751775774605
0.7819819819819821 6.2136441441037915
0.7829729729729731 6.225407244629643
0.7839639639639641 6.237051292842133
0.784954954954955 6.24858650423122
0.785945945945946 6.260023094286881
0.786936936936937 6.27137127849907
0.787927927927928 6.2826412723577585
0.788918918918919 6.293843291458255
0.78990990990991 6.304987551794977
0.7909009009009009 6.316084269456838
0.7918918918918919 6.327143660532771
0.792882882882883 6.338175941111696
0.793873873873874 6.349191327282532
0.794864864864865 6.36020003514111
0.7958558558558559 6.37121228090506
0.7968468468468469 6.382238280896152
0.7978378378378379 6.393288251439529
0.7988288288288289 6.404372408860317
0.7998198198198199 6.4155009694836505
0.8008108108108108 6.426684149634664
0.8018018018018018 6.437932165638487
0.8027927927927928 6.449255233820259
0.8037837837837839 6.46066357050511
0.8047747747747749 6.472167392021308
0.8057657657657659 6.483776914708825
0.8067567567567568 6.495502354910336
0.8077477477477478 6.507353928968527
0.8087387387387388 6.51934175835321
0.8097297297297298 6.531470205778213
0.8107207207207208 6.543734669504293
0.8117117117117117 6.556129772153044
0.8127027027027027 6.568650136346057
0.8136936936936937 6.581290384704935
0.8146846846846848 6.594045139851273
0.8156756756756758 6.606909024406667
0.8166666666666668 6.619876660992714
0.8176576576576577 6.632942672194188
0.8186486486486487 6.646101680319182
0.8196396396396397 6.659348307549954
0.8206306306306307 6.672677176068132
0.8216216216216217 6.686082908055345
0.8226126126126126 6.699560125693224
0.8236036036036036 6.713103451163971
0.8245945945945946 6.72670750698936
0.8255855855855857 6.740366916603104
0.8265765765765767 6.754076303590396
0.8275675675675677 6.76783029153643
0.8285585585585586 6.78162350402642
0.8295495495495496 6.795450564645555
0.8305405405405406 6.809306096979043
0.8315315315315316 6.82318472461208
0.8325225225225226 6.837081071129864
0.8335135135135135 6.850989760117603
0.8345045045045045 6.864905415150263
0.8354954954954955 6.878822659761101
0.8364864864864866 6.892736117472742
0.8374774774774776 6.9066404118078015
0.8384684684684686 6.920530166288897
0.8394594594594595 6.9344000044386505
0.8404504504504505 6.948244549779685
0.8414414414414415 6.962058425834616
0.8424324324324325 6.975836256126065
0.8434234234234235 6.9895726641766505
0.8444144144144144 7.0032622735089936
0.8454054054054054 7.01689970764571
0.8463963963963964 7.030479590109427
0.8473873873873875 7.043997220472561
0.8483783783783785 7.0574541072490184
0.8493693693693695 7.070855098958391
0.8503603603603604 7.084205076286671
0.8513513513513514 7.097508919919857
0.8523423423423424 7.110771510543932
0.8533333333333334 7.123997728844894
0.8543243243243244 7.137192455355596
0.8553153153153153 7.15036056856916
0.8563063063063063 7.163506945528011
0.8572972972972973 7.176636463243562
0.8582882882882884 7.189753998727214
0.8592792792792794 7.20286442899038
0.8602702702702704 7.215972631044464
0.8612612612612613 7.229083481900875
0.8622522522522523 7.242201858571024
0.8632432432432433 7.255332638066315
0.8642342342342343 7.268480697398154
0.8652252252252253 7.281650913617157
0.8662162162162163 7.294848164019079
0.8672072072072072 7.308077325994249
0.8681981981981982 7.321343276933192
0.8691891891891893 7.334650894226431
0.8701801801801803 7.348005055264493
0.8711711711711713 7.361410637437908
0.8721621621621622 7.374872518137199
0.8731531531531532 7.388395574752895
0.8741441441441442 7.4019846846755115
0.8751351351351352 7.415644725295582
0.8761261261261262 7.429380574003644
0.8771171171171172 7.443197108190204
0.8781081081081081 7.457099205246059
0.8790990990990992 7.471091742913927
0.8800900900900902 7.485179599985344
0.8810810810810812 7.499367655446353
0.8820720720720722 7.513660788282981
0.8830630630630631 7.528063877481262
0.8840540540540541 7.542581802027244
0.8850450450450451 7.557219440906954
0.8860360360360361 7.571981673292738
0.8870270270270271 7.586873328149322
0.888018018018018 7.601895286228839
0.889009009009009 7.617041730574198
0.8900000000000001 7.632306194833637
0.8909909909909911 7.647682212655382
0.8919819819819821 7.663163317687684
0.8929729729729731 7.678743043578768
0.893963963963964 7.694414923976876
0.894954954954955 7.710172492530247
0.895945945945946 7.726009282887113
0.896936936936937 7.741918828686575
0.897927927927928 7.757894663401121
0.898918918918919 7.773930320357757
0.8999099099099099 7.790019332878571
0.900900900900901 7.806155234285682
0.901891891891892 7.822331557901187
0.902882882882883 7.838541837047196
0.903873873873874 7.854779605045811
0.904864864864865 7.871038395219144
0.9058558558558559 7.887311740889293
0.9068468468468469 7.903593175378371
0.9078378378378379 7.919876232008475
0.9088288288288289 7.936154444101717
0.9098198198198199 7.952421344980203
0.9108108108108108 7.968670467917152
0.9118018018018019 7.984895345229566
0.9127927927927929 8.001089508363114
0.9137837837837839 8.017246488731617
0.9147747747747749 8.033359817748902
0.9157657657657658 8.049423026828794
0.9167567567567568 8.065429647385118
0.9177477477477478 8.081373210831064
0.9187387387387388 8.097247248484656
0.9197297297297298 8.113045291468543
0.9207207207207208 8.12876087088138
0.9217117117117117 8.144387517821812
0.9227027027027028 8.159918763388486
0.9236936936936938 8.175348138680054
0.9246846846846848 8.190669174795163
0.9256756756756758 8.205875402832465
0.9266666666666667 8.2209603538906
0.9276576576576577 8.235917559068223
0.9286486486486487 8.25074054946399
0.9296396396396397 8.265424852494494
0.9306306306306307 8.279975046878679
0.9316216216216217 8.294398275358642
0.9326126126126126 8.30870168085263
0.9336036036036037 8.322892406278871
0.9345945945945947 8.336977594555607
0.9355855855855857 8.350964388601069
0.9365765765765767 8.364859931333491
0.9375675675675677 8.378671365671108
0.9385585585585586 8.392405834532155
0.9395495495495496 8.40607048083487
0.9405405405405406 8.419672447497488
0.9415315315315316 8.433218877438238
0.9425225225225226 8.446716913575361
0.9435135135135135 8.460173698827097
0.9445045045045046 8.473596376112663
0.9454954954954956 8.486992088359084
0.9464864864864866 8.50036797849706
0.9474774774774776 8.51373118945731
0.9484684684684686 8.527088864170555
0.9494594594594595 8.54044814556751
0.9504504504504505 8.553816176578906
0.9514414414414415 8.56720010013891
0.9524324324324325 8.580607059629035
0.9534234234234235 8.594044199314842
0.9544144144144144 8.607518663565644
0.9554054054054055 8.621037596750758
0.9563963963963965 8.634608143239497
0.9573873873873875 8.648237447401183
0.9583783783783785 8.661932653605124
0.9593693693693695 8.675700906220628
0.9603603603603604 8.689549349617025
0.9613513513513514 8.703485128163617
0.9623423423423424 8.717515386229733
0.9633333333333334 8.731647268184675
0.9643243243243244 8.745887918396472
0.9653153153153153 8.760244481151872
0.9663063063063064 8.774724100609617
0.9672972972972974 8.78933392091719
0.9682882882882884 8.80408108622208
0.9692792792792794 8.818972740671764
0.9702702702702704 8.834016028413739
0.9712612612612613 8.849218093595477
0.9722522522522523 8.86458608036446
0.9732432432432433 8.880126611319765
0.9742342342342343 8.895838768638646
0.9752252252252253 8.911715961742967
0.9762162162162163 8.927751461549722
0.9772072072072073 8.943938538975893
0.9781981981981983 8.960270464938475
0.9791891891891893 8.976740510370334
0.9801801801801803 8.993341946327094
0.9811711711711713 9.010068043921533
0.9821621621621622 9.026912074266756
0.9831531531531532 9.04386730847585
0.9841441441441442 9.060927017661925
0.9851351351351352 9.078084472938073
0.9861261261261262 9.095332945417404
0.9871171171171172 9.11266570576521
0.9881081081081082 9.130076022888504
0.9890990990990992 9.14755716526281
0.9900900900900902 9.165102401363644
0.9910810810810812 9.182704999666527
0.9920720720720722 9.200358228646985
0.9930630630630631 9.218055356780534
0.9940540540540541 9.235789652542694
0.9950450450450451 9.253554384408982
0.9960360360360361 9.271342820854926
0.9970270270270271 9.289148230356036
0.9980180180180181 9.306963881387839
0.9990090090090091 9.324783042425855
1.0 9.342598981947281
