0.01 0.0
0.010990990990990991 0.0
0.011981981981981983 0.0
0.012972972972972972 0.0
0.013963963963963964 0.0
0.014954954954954955 0.0
0.015945945945945946 0.0
0.016936936936936937 0.0
0.01792792792792793 4.145411440814886e-06
0.01891891891891892 5.283222012330046e-06
0.01990990990990991 1.5096071553168691e-05
0.020900900900900903 0.00010196893517527524
0.02189189189189189 9.352595023146659e-05
0.022882882882882885 0.00017152232345600402
0.023873873873873873 0.0002649228644701468
0.024864864864864868 0.0003267428581775739
0.025855855855855855 0.00047149554606703024
0.02684684684684685 0.0006009038793051871
0.027837837837837838 0.0006289305997556773
0.028828828828828833 0.0006851291048937082
0.02981981981981982 0.0008685194205433642
0.030810810810810815 0.0012039558931129716
0.0318018018018018 0.0016852688463824858
0.0327927927927928 0.0021740903700580043
0.033783783783783786 0.002113405702864131
0.03477477477477477 0.0017208283019258975
0.03576576576576577 0.0018382872875743021
0.036756756756756756 0.002270697109228235
0.03774774774774775 0.002764387651523164
0.03873873873873874 0.003564243135035564
0.03972972972972973 0.004404528146721804
0.04072072072072072 0.004600497911117623
0.041711711711711716 0.004661665395283506
0.042702702702702704 0.005645234872255664
0.0436936936936937 0.007237389190973955
0.044684684684684686 0.00857038813784077
0.04567567567567568 0.009563507229326145
0.04666666666666667 0.010484777951757673
0.047657657657657664 0.011337735340845107
0.04864864864864865 0.011962808633047241
0.049639639639639646 0.012237739831327935
0.050630630630630634 0.012081620714998052
0.05162162162162163 0.011620737711874402
0.052612612612612616 0.011449532503738797
0.05360360360360361 0.012170749817318662
0.0545945945945946 0.013941726073325845
0.055585585585585594 0.016705455549048998
0.05657657657657658 0.019998170631698318
0.05756756756756757 0.022585448709266816
0.058558558558558564 0.02329051512671415
0.05954954954954955 0.022973724434027374
0.06054054054054055 0.02400646832794024
0.061531531531531534 0.02826897433194901
0.06252252252252252 0.0343084259265133
0.06351351351351352 0.039372451925782564
0.06450450450450451 0.041331455232338325
0.06549549549549549 0.0409373915277022
0.06648648648648649 0.03977120569564008
0.06747747747747748 0.03926036553876251
0.06846846846846848 0.04004058133508776
0.06945945945945946 0.04249312634954677
0.07045045045045045 0.046906037359875384
0.07144144144144145 0.05272101387272747
0.07243243243243244 0.05892829380633502
0.07342342342342342 0.06452831685837873
0.07441441441441442 0.06905958305806968
0.0754054054054054 0.07274663919617841
0.0763963963963964 0.07585860551340227
0.07738738738738739 0.07864968680685025
0.07837837837837838 0.08129716361376772
0.07936936936936936 0.08395358937726709
0.08036036036036036 0.08677109251252027
0.08135135135135135 0.08985756220481571
0.08234234234234235 0.09323791287331522
0.08333333333333333 0.09692792413363135
0.08432432432432432 0.10094100006518447
0.08531531531531532 0.10521609083227902
0.08630630630630631 0.10960466879094931
0.0872972972972973 0.11395320474460457
0.08828828828828829 0.118109052000077
0.08927927927927928 0.1219481491066112
0.09027027027027026 0.1253805600300313
0.09126126126126126 0.12831835018644205
0.09225225225225225 0.13067627245879743
0.09324324324324325 0.13271288671210368
0.09423423423423423 0.13536473581813765
0.09522522522522522 0.13964770965685502
0.09621621621621622 0.1465776981082115
0.09720720720720721 0.1568596336051768
0.0981981981981982 0.16920431510865988
0.09918918918918919 0.18153525945084126
0.10018018018018018 0.1917740562331624
0.10117117117117118 0.19785417827549706
0.10216216216216216 0.19924631824970623
0.10315315315315315 0.19846166460324163
0.10414414414414415 0.19836853768869483
0.10513513513513513 0.20183525785865752
0.10612612612612612 0.21165757982229333
0.10711711711711712 0.2281157846437655
0.10810810810810811 0.24838897960788947
0.1090990990990991 0.2694649550719971
0.11009009009009009 0.2883315013934211
0.11108108108108108 0.30202237703903223
0.11207207207207208 0.30966073514881176
0.11306306306306306 0.3132730976609941
0.11405405405405405 0.31510029330872935
0.11504504504504505 0.3173831508251678
0.11603603603603604 0.3223620749745317
0.11702702702702703 0.33144745499463574
0.11801801801801802 0.3434861445533652
0.11900900900900901 0.3568316261835514
0.12000000000000001 0.36983738241802583
0.12099099099099099 0.38085689578961984
0.12198198198198199 0.38833373900520246
0.12297297297297298 0.3923189092221338
0.12396396396396396 0.394248539202048
0.12495495495495496 0.39560408516266354
0.12594594594594596 0.3978670033216989
0.12693693693693694 0.4025187498968722
0.12792792792792793 0.4108682957812551
0.12891891891891893 0.4227467946696787
0.12990990990990992 0.43723430596540597
0.13090090090090092 0.45340496896138793
0.1318918918918919 0.47033292295057344
0.13288288288288289 0.4870923072259132
0.1338738738738739 0.5028187867759031
0.13486486486486488 0.5173297307947612
0.13585585585585588 0.5308669017794438
0.13684684684684686 0.5436784740233883
0.13783783783783785 0.556012621820033
0.13882882882882885 0.5681175194628163
0.13981981981981983 0.5802405249517978
0.14081081081081082 0.5925760596645552
0.14180180180180182 0.605234131997227
0.1427927927927928 0.6183172058534279
0.14378378378378381 0.6319277451367736
0.1447747747747748 0.6461682137508785
0.14576576576576578 0.6611410755993586
0.14675675675675678 0.6769466596655763
0.14774774774774777 0.6936601182922284
0.14873873873873875 0.7113401891105168
0.14972972972972975 0.7300453283537774
0.15072072072072074 0.7498339922553441
0.15171171171171174 0.770764637048553
0.15270270270270273 0.792895718966738
0.1536936936936937 0.8162378002660375
0.15468468468468471 0.840267912414866
0.1556756756756757 0.8641309785186558
0.15666666666666668 0.8869669912015749
0.15765765765765768 0.9079159430877898
0.15864864864864867 0.926117826801466
0.15963963963963965 0.9407126349667713
0.16063063063063066 0.9508618642750881
0.16162162162162164 0.9567068560468328
0.16261261261261264 0.9597520877648953
0.16360360360360363 0.961602855706287
0.1645945945945946 0.963864476734843
0.16558558558558562 0.9681422677143995
0.1665765765765766 0.9760415455087917
0.16756756756756758 0.9891676264821518
0.16855855855855859 1.0089412406413165
0.16954954954954957 1.0350354020303476
0.17054054054054055 1.0661598534752832
0.17153153153153156 1.1010142915459755
0.17252252252252254 1.1382984128122753
0.17351351351351355 1.1767119137880315
0.17450450450450453 1.214954489554187
0.1754954954954955 1.251725879286033
0.17648648648648652 1.2858189723529245
0.1774774774774775 1.3169464043184385
0.17846846846846848 1.3453448500180363
0.17945945945945949 1.371257086362925
0.18045045045045047 1.3949258902857053
0.18144144144144148 1.4165940416528684
0.18243243243243246 1.4365043212514534
0.18342342342342344 1.4548995002268246
0.18441441441441445 1.4720237146215187
0.18540540540540543 1.488212813149673
0.1863963963963964 1.5039510543988417
0.18738738738738742 1.519736223565027
0.1883783783783784 1.536066106799416
0.18936936936936938 1.5534384908620307
0.1903603603603604 1.572351162842134
0.19135135135135137 1.5933019098329395
0.19234234234234238 1.6167885189276632
0.19333333333333336 1.643279909383834
0.19432432432432434 1.672660636273674
0.19531531531531535 1.7042721911980927
0.19630630630630633 1.7374354712616582
0.1972972972972973 1.7714713737202723
0.19828828828828832 1.8057007958309494
0.1992792792792793 1.8394446348507056
0.20027027027027028 1.87202378726833
0.2012612612612613 1.9027591454971957
0.20225225225225227 1.9309776727462924
0.20324324324324328 1.9564231792232494
0.20423423423423426 1.9795179348562315
0.20522522522522524 2.0007465232899135
0.20621621621621625 2.0205935281689693
0.20720720720720723 2.039543533138071
0.2081981981981982 2.0580811536096086
0.20918918918918922 2.0766909405695717
0.2101801801801802 2.095857492242175
0.2111711711711712 2.11606537205545
0.2121621621621622 2.137775271805408
0.21315315315315317 2.1611717079843866
0.21414414414414418 2.1862617382844123
0.21513513513513516 2.2130494942223384
0.21612612612612614 2.2415391053762717
0.21711711711711715 2.2717347094723044
0.21810810810810813 2.303640443519708
0.2190990990990991 2.337260452741717
0.22009009009009012 2.372598883748242
0.2210810810810811 2.4096598831491933
0.2220720720720721 2.4484308521064153
0.2230630630630631 2.4886246080662926
0.22405405405405407 2.5297295932319193
0.22504504504504508 2.5712276773910707
0.22603603603603606 2.612600730815104
0.22702702702702704 2.6533306245736052
0.22801801801801805 2.6928992299949215
0.22900900900900903 2.7307884184076086
0.23000000000000004 2.7664800611402325
0.23099099099099102 2.7994560295213398
0.231981981981982 2.8291981937106905
0.232972972972973 2.8553868640860083
0.233963963963964 2.8785153539142185
0.23495495495495497 2.8992852528407242
0.23594594594594598 2.9183981621207424
0.23693693693693696 2.9365556882055053
0.23792792792792794 2.9544594375462365
0.23891891891891895 2.9728110165941657
0.23990990990990993 2.992312031698548
0.24090090090090094 3.0136640864148423
0.24189189189189192 3.0375687804765463
0.2428828828828829 3.0647277080365947
0.2438738738738739 3.0956799009116787
0.2448648648648649 3.1301423086609947
0.24585585585585587 3.1675727102764806
0.24684684684684688 3.207428788960908
0.24783783783783786 3.2491682279170444
0.24882882882882884 3.2922487105258864
0.24981981981981985 3.3361279230108396
0.2508108108108108 3.380263553877011
0.25180180180180184 3.424113291317456
0.2527927927927928 3.4671348194571947
0.2537837837837838 3.5087858200382027
0.2547747747747748 3.548528984554753
0.25576576576576576 3.586163892309358
0.25675675675675674 3.6220346750621424
0.2577477477477478 3.656535054092386
0.25873873873873876 3.690058754150966
0.25972972972972974 3.7229995048559337
0.2607207207207207 3.755751036289011
0.26171171171171176 3.7887070782541015
0.26270270270270274 3.82226135942628
0.2636936936936937 3.8568076083687575
0.2646846846846847 3.8927395536447453
0.2656756756756757 3.9304509238174505
0.2666666666666667 3.970334772212503
0.2676576576576577 4.0125595241211265
0.2686486486486487 4.056745283582794
0.26963963963963966 4.102430087247038
0.27063063063063064 4.149151971674575
0.2716216216216216 4.196448972562549
0.27261261261261266 4.243859124983155
0.27360360360360364 4.290920463993172
0.2745945945945946 4.337171024649393
0.2755855855855856 4.382148842008607
0.2765765765765766 4.425391951127602
0.2775675675675676 4.466438386063449
0.2785585585585586 4.504826176025689
0.2795495495495496 4.540108850685936
0.28054054054054056 4.572312127507329
0.28153153153153154 4.602008904349602
0.2825225225225225 4.629802683616894
0.28351351351351356 4.656296967672998
0.28450450450450454 4.682095258881694
0.2854954954954955 4.707801059606766
0.2864864864864865 4.734017872212
0.2874774774774775 4.761349216767537
0.2884684684684685 4.7903985876294035
0.2894594594594595 4.821769480317387
0.2904504504504505 4.856065399057728
0.29144144144144146 4.8938898492372305
0.29243243243243244 4.935846041754031
0.2934234234234235 4.982256417843612
0.29441441441441446 5.032641216071579
0.29540540540540544 5.086378360338771
0.2963963963963964 5.142845774546016
0.2973873873873874 5.2014213823881175
0.2983783783783784 5.261483104638785
0.2993693693693694 5.322408887004236
0.3003603603603604 5.383576675131135
0.3013513513513514 5.444364415065274
0.30234234234234236 5.504150052857334
0.30333333333333334 5.562311532935381
0.3043243243243244 5.618226799491536
0.30531531531531536 5.671273796717916
0.30630630630630634 5.7208310125998985
0.3072972972972973 5.76652914290652
0.3082882882882883 5.8086516175001455
0.3092792792792793 5.847586092022801
0.3102702702702703 5.883720220029426
0.3112612612612613 5.9174416545662485
0.3122522522522523 5.949138048736196
0.31324324324324326 5.979197055434097
0.31423423423423424 6.008006325896544
0.3152252252252253 6.035953510859894
0.31621621621621626 6.0634262610604335
0.31720720720720724 6.090812227234436
0.3181981981981982 6.1184990601181815
0.3191891891891892 6.146874410447954
0.3201801801801802 6.17632592773158
0.3211711711711712 6.207230257098367
0.3221621621621622 6.239749498674506
0.3231531531531532 6.2738504619290545
0.32414414414414416 6.309492829172523
0.32513513513513514 6.346636280878615
0.3261261261261262 6.385240496249084
0.32711711711711716 6.425265154354701
0.32810810810810814 6.4666699342662355
0.3290990990990991 6.509414515054467
0.3300900900900901 6.553458575790158
0.3310810810810811 6.598761795544092
0.3320720720720721 6.645283853574183
0.3330630630630631 6.69298443088876
0.3340540540540541 6.741823209451667
0.33504504504504506 6.791759880680909
0.33603603603603605 6.8427540293222195
0.3370270270270271 6.894747585809423
0.33801801801801806 6.9476449189603064
0.33900900900900904 7.001345650688044
0.34 7.055749402905792
0.340990990990991 7.110755797526717
0.34198198198198204 7.1662644564639795
0.342972972972973 7.222175001630738
0.343963963963964 7.278387055463945
0.344954954954955 7.334800256848993
0.34594594594594597 7.391314264015383
0.34693693693693695 7.447828735363267
0.347927927927928 7.504243329199029
0.34891891891891896 7.56045771067556
0.34990990990990994 7.616371541219083
0.3509009009009009 7.671884480572719
0.3518918918918919 7.726896313963709
0.35288288288288294 7.781339474203429
0.3538738738738739 7.8352226669781855
0.3548648648648649 7.888565487367311
0.3558558558558559 7.941387530450138
0.35684684684684687 7.99370839141094
0.35783783783783785 8.045547666544016
0.3588288288288289 8.096924952810806
0.35981981981981986 8.147859847184938
0.36081081081081084 8.198371946728981
0.3618018018018018 8.248480848753768
0.3627927927927928 8.29820615264444
0.36378378378378384 8.347567459307559
0.3647747747747748 8.39658436968492
0.3657657657657658 8.445276484718331
0.3667567567567568 8.493663405349588
0.36774774774774777 8.541764732520493
0.36873873873873875 8.589600499056758
0.3697297297297298 8.63720812879111
0.37072072072072076 8.68464808547666
0.37171171171171175 8.731982417636234
0.3727027027027027 8.779273173255675
0.3736936936936937 8.826582400311027
0.37468468468468474 8.87397214675265
0.3756756756756757 8.921504460426108
0.3766666666666667 8.969241388891414
0.3776576576576577 9.01724497965824
0.37864864864864867 9.06557728023626
0.37963963963963965 9.114300338135159
0.3806306306306307 9.163476200864604
0.38162162162162167 9.213166915934277
0.38261261261261265 9.263434530853868
0.3836036036036036 9.314341092118784
0.3845945945945946 9.365948638501113
0.38558558558558564 9.418319205220387
0.3865765765765766 9.471504689105304
0.3875675675675676 9.5254805388396
0.3885585585585586 9.580187331322058
0.38954954954954957 9.635565465338068
0.39054054054054055 9.691555339711895
0.3915315315315316 9.748097353274607
0.39252252252252257 9.805131904857232
0.39351351351351355 9.862599393290834
0.3945045045045045 9.920440217406451
0.3954954954954955 9.978594776035148
0.39648648648648654 10.03700346800795
0.3974774774774775 10.095606692854947
0.3984684684684685 10.154344860445976
0.3994594594594595 10.21315838854983
0.40045045045045047 10.271987695134976
0.4014414414414415 10.330773198553684
0.4024324324324325 10.389455318558328
0.40342342342342347 10.447974475351062
0.40441441441441445 10.50627182841994
0.40540540540540543 10.564321351746509
0.4063963963963964 10.622142211953134
0.40738738738738745 10.67975686877175
0.4083783783783784 10.737187781934287
0.4093693693693694 10.794457411172672
0.4103603603603604 10.85158821621885
0.41135135135135137 10.908602656804742
0.4123423423423424 10.96552319211224
0.4133333333333334 11.022372278162846
0.41432432432432437 11.079172369851502
0.41531531531531535 11.135945922073196
0.41630630630630633 11.192715390035497
0.4172972972972973 11.249503229649115
0.41828828828828835 11.306331896850853
0.4192792792792793 11.363223846309326
0.4202702702702703 11.420201531589688
0.4212612612612613 11.477287406220237
0.42225225225225227 11.534503923729305
0.4232432432432433 11.59187353149576
0.4242342342342343 11.649405485966922
0.42522522522522527 11.707067963563844
0.42621621621621625 11.764821166580807
0.42720720720720723 11.822625297437193
0.4281981981981982 11.880440560264848
0.42918918918918925 11.938227160436913
0.4301801801801802 11.995945303354299
0.4311711711711712 12.053555194413923
0.4321621621621622 12.111017038984663
0.43315315315315317 12.168291042423533
0.4341441441441442 12.22533741029597
0.4351351351351352 12.28211634912869
0.43612612612612617 12.33858806572523
0.43711711711711715 12.394712766889153
0.43810810810810813 12.450450659424042
0.4390990990990991 12.505761950133445
0.44009009009009015 12.560606845820953
0.44108108108108113 12.614945553290111
0.4420720720720721 12.668738279344499
0.4430630630630631 12.72194523036458
0.44405405405405407 12.774534132212086
0.4450450450450451 12.826516946418078
0.4460360360360361 12.877921810482519
0.44702702702702707 12.928776888080675
0.44801801801801805 12.979110344184393
0.44900900900900903 13.028950344221347
0.45000000000000007 13.078325053635957
0.45099099099099105 13.127262638006044
0.45198198198198203 13.175791262974991
0.452972972972973 13.22393909418665
0.453963963963964 13.271734297284869
0.45495495495495497 13.319205037913484
0.455945945945946 13.366379481716347
0.456936936936937 13.413285794337302
0.45792792792792797 13.459952141420192
0.45891891891891895 13.50640668861107
0.45990990990990993 13.552677601640495
0.46090090090090097 13.598793046348106
0.46189189189189195 13.644781188580724
0.46288288288288293 13.690670194185811
0.4638738738738739 13.736488229043294
0.4648648648648649 13.7822640338183
0.46585585585585587 13.828032062912618
0.4668468468468469 13.873830040358186
0.4678378378378379 13.919695727663965
0.46882882882882887 13.965666886117544
0.46981981981981985 14.011781277006504
0.47081081081081083 14.058076661618426
0.47180180180180187 14.104590801240903
0.47279279279279285 14.151361457161514
0.47378378378378383 14.198426390667848
0.4747747747747748 14.245823363047489
0.4757657657657658 14.293590135509383
0.47675675675675677 14.3417644661942
0.4777477477477478 14.39038410925012
0.4787387387387388 14.439486818557826
0.47972972972972977 14.48911034799718
0.48072072072072075 14.53929245131514
0.48171171171171173 14.59007088197962
0.48270270270270277 14.641483393423318
0.48369369369369375 14.693567739096023
0.48468468468468473 14.746361672737814
0.4856756756756757 14.799902948331264
0.4866666666666667 14.854226814172437
0.4876576576576577 14.909322779221199
0.4886486486486487 14.965140381548443
0.4896396396396397 15.021627813796876
0.49063063063063067 15.078733268609206
0.49162162162162165 15.136404938628152
0.49261261261261263 15.194591016496434
0.49360360360360367 15.253239695795505
0.49459459459459465 15.312299177740694
0.49558558558558563 15.371717667261429
0.4965765765765766 15.431443369311927
0.4975675675675676 15.491424488878415
0.49855855855855863 15.55160923183497
0.4995495495495496 15.61194580503674
0.5005405405405405 15.672382415389608
0.5015315315315315 15.732867269788589
0.5025225225225225 15.79334857489664
0.5035135135135135 15.853774537154251
0.5045045045045046 15.914093362992993
0.5054954954954956 15.974253258844373
0.5064864864864865 16.034202431139953
0.5074774774774775 16.09388908631127
0.5084684684684685 16.15326143078987
0.5094594594594595 16.21226820711459
0.5104504504504505 16.27089031538339
0.5114414414414414 16.329158606602768
0.5124324324324325 16.387108256402623
0.5134234234234235 16.444774446699945
0.5144144144144145 16.502192359703674
0.5154054054054055 16.559397177622785
0.5163963963963965 16.616424083057048
0.5173873873873874 16.673308259969122
0.5183783783783784 16.73008489261862
0.5193693693693694 16.786789165265137
0.5203603603603604 16.843456262184883
0.5213513513513514 16.900121367778077
0.5223423423423423 16.95681966650083
0.5233333333333334 17.013586342809578
0.5243243243243244 17.0704565811607
0.5253153153153154 17.12746556601062
0.5263063063063064 17.18464848181574
0.5272972972972974 17.24204051303247
0.5282882882882883 17.29967684411723
0.5292792792792793 17.357592659526404
0.5302702702702703 17.415823143125692
0.5312612612612613 17.474403467196048
0.5322522522522523 17.53336879344741
0.5332432432432432 17.59275428340145
0.5342342342342343 17.652581316677637
0.5352252252252253 17.71281980528355
0.5362162162162163 17.773427690257762
0.5372072072072073 17.834362912332594
0.5381981981981983 17.895583412240384
0.5391891891891892 17.95704713071002
0.5401801801801802 18.018712008322925
0.5411711711711712 18.08053598545997
0.5421621621621622 18.14247700248769
0.5431531531531532 18.204492999772615
0.5441441441441441 18.26654191768127
0.5451351351351352 18.3285816965802
0.5461261261261262 18.39057027683591
0.5471171171171172 18.452465598814936
0.5481081081081082 18.51422560288382
0.5490990990990992 18.57580822940908
0.5500900900900901 18.63717141673821
0.5510810810810811 18.698273092237283
0.5520720720720721 18.759071179556944
0.5530630630630631 18.819523602344905
0.5540540540540541 18.879588284247365
0.555045045045045 18.939223148391868
0.5560360360360361 18.998386116630577
0.5570270270270271 19.057035110623133
0.5580180180180181 19.115128052029167
0.5590090090090091 19.172625054432164
0.56 19.2295242005045
0.560990990990991 19.28585569053388
0.561981981981982 19.341650736322823
0.562972972972973 19.396940549673857
0.563963963963964 19.451756342389483
0.564954954954955 19.506129326272262
0.5659459459459459 19.560090713124666
0.566936936936937 19.61367171474925
0.567927927927928 19.666903542948514
0.568918918918919 19.71981740952498
0.56990990990991 19.772444526451096
0.570900900900901 19.824816109189676
0.5718918918918919 19.876963376476667
0.5728828828828829 19.92891754717442
0.5738738738738739 19.980709840145252
0.5748648648648649 20.03237147437892
0.5758558558558559 20.083933670435204
0.576846846846847 20.13542764993084
0.5778378378378379 20.18688463450225
0.5788288288288289 20.238335845785837
0.5798198198198199 20.28981250541128
0.5808108108108109 20.341345834698128
0.5818018018018019 20.39296705453367
0.5827927927927928 20.444707385773086
0.5837837837837838 20.49659804927159
0.5847747747747748 20.548670265884375
0.5857657657657658 20.60095058269562
0.5867567567567568 20.65343972414701
0.5877477477477479 20.706129577385163
0.5887387387387388 20.759012022691895
0.5897297297297298 20.812078940349007
0.5907207207207208 20.865322211161985
0.5917117117117118 20.918733734655564
0.5927027027027028 20.972305433765154
0.5936936936936937 21.026029232902715
0.5946846846846847 21.07989705648024
0.5956756756756757 21.13390082891145
0.5966666666666667 21.188032474685865
0.5976576576576577 21.242283918397064
0.5986486486486488 21.29664708464621
0.5996396396396397 21.351113898034423
0.6006306306306307 21.40567628316285
0.6016216216216217 21.46032616465558
0.6026126126126127 21.515055467351363
0.6036036036036037 21.569856116206296
0.6045945945945946 21.624720036177717
0.6055855855855856 21.67963915222289
0.6065765765765766 21.734605389299176
0.6075675675675676 21.789610672363803
0.6085585585585586 21.844646926374143
0.6095495495495497 21.899706076287476
0.6105405405405406 21.95478004706109
0.6115315315315316 22.00986076365232
0.6125225225225226 22.064940150653033
0.6135135135135136 22.120009742065843
0.6145045045045046 22.17505935176377
0.6154954954954955 22.230078313528498
0.6164864864864865 22.28505596110639
0.6174774774774775 22.339981628249667
0.6184684684684685 22.39484464906853
0.6194594594594595 22.449634358232274
0.6204504504504506 22.50434009045884
0.6214414414414415 22.558951180466117
0.6224324324324325 22.613456962972016
0.6234234234234235 22.66784677269766
0.6244144144144145 22.7221099446702
0.6254054054054055 22.776235814470365
0.6263963963963964 22.830213717737195
0.6273873873873874 22.88403299010971
0.6283783783783784 22.937682967226955
0.6293693693693694 22.991152984727993
0.6303603603603604 23.044432378251795
0.6313513513513515 23.09751048343745
0.6323423423423424 23.150376635923962
0.6333333333333334 23.203020171350396
0.6343243243243244 23.25543042535575
0.6353153153153154 23.307596732467836
0.6363063063063064 23.359508419575512
0.6372972972972973 23.411154810356248
0.6382882882882883 23.462525228476306
0.6392792792792793 23.513608997602045
0.6402702702702703 23.56439544139654
0.6412612612612613 23.614873883435706
0.6422522522522524 23.66503502123806
0.6432432432432433 23.71488331710484
0.6442342342342343 23.764431166538998
0.6452252252252253 23.813691060550415
0.6462162162162163 23.862675490149
0.6472072072072073 23.911396946166352
0.6481981981981982 23.959867918690843
0.6491891891891892 24.00810089761709
0.6501801801801802 24.056108372839702
0.6511711711711712 24.103902834253308
0.6521621621621622 24.151496771752495
0.6531531531531533 24.1989026752319
0.6541441441441442 24.246133034586137
0.6551351351351352 24.29320033970983
0.6561261261261262 24.34011708049756
0.6571171171171172 24.38689574684397
0.6581081081081082 24.433548828627888
0.6590990990990991 24.480088814411317
0.6600900900900901 24.526528190467427
0.6610810810810811 24.572879442840396
0.6620720720720721 24.619155057574453
0.6630630630630631 24.6653675207138
0.6640540540540542 24.71152931784014
0.6650450450450451 24.757652930653254
0.6660360360360361 24.803750838913217
0.6670270270270271 24.849835522365783
0.6680180180180181 24.89591946075671
0.6690090090090091 24.9420151338317
0.67 24.988135021336536
0.670990990990991 25.034291603232546
0.671981981981982 25.080497359868673
0.672972972972973 25.126761624236604
0.6739639639639641 25.17308359168623
0.674954954954955 25.219460420750124
0.675945945945946 25.26588926996088
0.676936936936937 25.31236729785101
0.677927927927928 25.358891662953127
0.678918918918919 25.4054595237998
0.67990990990991 25.452068038923557
0.6809009009009009 25.498714366856976
0.6818918918918919 25.545395666132663
0.6828828828828829 25.592109097131203
0.6838738738738739 25.638851830198433
0.684864864864865 25.685621039024205
0.685855855855856 25.732413897300763
0.6868468468468469 25.779227578720377
0.6878378378378379 25.826059256982255
0.6888288288288289 25.872906107262615
0.6898198198198199 25.919765308036496
0.6908108108108109 25.966634038225827
0.6918018018018018 26.013509476752525
0.6927927927927928 26.06038880253849
0.6937837837837838 26.107269194505633
0.6947747747747748 26.15414783157588
0.6957657657657659 26.20102189257442
0.6967567567567569 26.247888555618463
0.6977477477477478 26.294744998510566
0.6987387387387388 26.341588399051872
0.6997297297297298 26.388415935043497
0.7007207207207208 26.435224784286564
0.7017117117117118 26.48201212458219
0.7027027027027027 26.52877513373155
0.7036936936936937 26.575510989535726
0.7046846846846847 26.622217517886515
0.7056756756756757 26.66889518700546
0.7066666666666668 26.715545138428162
0.7076576576576578 26.762168513430183
0.7086486486486487 26.808766449440547
0.7096396396396397 26.855340080951322
0.7106306306306307 26.90189054238028
0.7116216216216217 26.948418968145262
0.7126126126126127 26.99492649266411
0.7136036036036036 27.041414250252885
0.7145945945945946 27.087883374247635
0.7155855855855856 27.13433499743685
0.7165765765765766 27.18077025260311
0.7175675675675677 27.227190272528897
0.7185585585585587 27.273596189996788
0.7195495495495496 27.319989137789285
0.7205405405405406 27.366370248688927
0.7215315315315316 27.412740655598178
0.7225225225225226 27.459101492202393
0.7235135135135136 27.505453892501098
0.7245045045045045 27.551798990494703
0.7254954954954955 27.59813792018356
0.7264864864864865 27.644471815568103
0.7274774774774775 27.690801810648694
0.7284684684684686 27.737129039425746
0.7294594594594596 27.78345463589963
0.7304504504504505 27.829779734070716
0.7314414414414415 27.87610546793942
0.7324324324324325 27.922432971506154
0.7334234234234235 27.968763378967267
0.7344144144144145 28.0150978327636
0.7354054054054054 28.061437486421397
0.7363963963963964 28.107783494246902
0.7373873873873874 28.15413691572313
0.7383783783783784 28.200494918097323
0.7393693693693695 28.246849489931787
0.7403603603603605 28.293192258942707
0.7413513513513514 28.339514849328612
0.7423423423423424 28.38580888496158
0.7433333333333334 28.43206598971371
0.7443243243243244 28.478277787457117
0.7453153153153154 28.524435902063853
0.7463063063063063 28.570531957406057
0.7472972972972973 28.616557577355756
0.7482882882882883 28.66250438574595
0.7492792792792793 28.70836400620179
0.7502702702702704 28.75412806227994
0.7512612612612614 28.799788177536918
0.7522522522522523 28.845335975529316
0.7532432432432433 28.890763079813727
0.7542342342342343 28.936061113946682
0.7552252252252253 28.981221701484802
0.7562162162162163 29.026236465984617
0.7572072072072072 29.071097031002704
0.7581981981981982 29.115795020095657
0.7591891891891892 29.16032205682003
0.7601801801801802 29.204669764729054
0.7611711711711713 29.24882976668902
0.7621621621621623 29.29279368404196
0.7631531531531532 29.33655313792505
0.7641441441441442 29.38009974947542
0.7651351351351352 29.42342513983021
0.7661261261261262 29.466520930126578
0.7671171171171172 29.509378742509295
0.7681081081081081 29.55199020386889
0.7690990990990991 29.594346942491832
0.7700900900900901 29.636440586664754
0.7710810810810811 29.678262764674304
0.7720720720720722 29.71980512914398
0.7730630630630632 29.761064922511217
0.7740540540540541 29.802052077126007
0.7750450450450451 29.8427782767168
0.7760360360360361 29.88325520509274
0.7770270270270271 29.92349454640107
0.7780180180180181 29.96350798487743
0.779009009009009 30.003307204757444
0.78 30.042903890276797
0.780990990990991 30.082309725671102
0.7819819819819821 30.12153639517602
0.7829729729729731 30.160595583027213
0.7839639639639641 30.199498973460273
0.784954954954955 30.2382582507109
0.785945945945946 30.276885099014695
0.786936936936937 30.315391202607344
0.787927927927928 30.353788245724473
0.788918918918919 30.392087912776823
0.78990990990991 30.430301888838432
0.7909009009009009 30.46844185914044
0.7918918918918919 30.506519508914007
0.792882882882883 30.544546523390252
0.793873873873874 30.582534587800314
0.794864864864865 30.62049538715492
0.7958558558558559 30.65844060258067
0.7968468468468469 30.696381911882476
0.7978378378378379 30.734330992758224
0.7988288288288289 30.772299522905808
0.7998198198198199 30.810299180023122
0.8008108108108108 30.84834164180807
0.8018018018018018 30.886438585958544
0.8027927927927928 30.924601690172455
0.8037837837837839 30.96284263214767
0.8047747747747749 31.00117308958523
0.8057657657657659 31.039604740197863
0.8067567567567568 31.07814926170103
0.8077477477477478 31.116818331810155
0.8087387387387388 31.155623504950054
0.8097297297297298 31.19456885183881
0.8107207207207208 31.2336467935713
0.8117117117117117 31.27284874327188
0.8127027027027027 31.312166114064976
0.8136936936936937 31.35159031907498
0.8146846846846848 31.391112771426247
0.8156756756756758 31.430724884243215
0.8166666666666668 31.470418070650236
0.8176576576576577 31.51018374373321
0.8186486486486487 31.5500133162887
0.8196396396396397 31.589898200981654
0.8206306306306307 31.62982981047641
0.8216216216216217 31.66979955743725
0.8226126126126126 31.709798854528522
0.8236036036036036 31.749819114416223
0.8245945945945946 31.78985175079354
0.8255855855855857 31.829888180111947
0.8265765765765767 31.869919819281087
0.8275675675675677 31.90993808521069
0.8285585585585586 31.949934394810445
0.8295495495495496 31.98990016499003
0.8305405405405406 32.029826812659124
0.8315315315315316 32.06970575472744
0.8325225225225226 32.109528408104666
0.8335135135135135 32.14928618970047
0.8345045045045045 32.188970516414344
0.8354954954954955 32.22857280510401
0.8364864864864866 32.26808447261662
0.8374774774774776 32.307496935799215
0.8384684684684686 32.34680161149894
0.8394594594594595 32.385989916562934
0.8404504504504505 32.425053267838265
0.8414414414414415 32.46398308217205
0.8424324324324325 32.502770776411424
0.8434234234234235 32.541407767403484
0.8444144144144144 32.57988547199531
0.8454054054054054 32.618195307034064
0.8463963963963964 32.656328689366816
0.8473873873873875 32.694278058429695
0.8483783783783785 32.73204524402296
0.8493693693693695 32.76963712639765
0.8503603603603604 32.80706063437451
0.8513513513513514 32.844322696774285
0.8523423423423424 32.8814302424177
0.8533333333333334 32.91839020012552
0.8543243243243244 32.95520949837511
0.8553153153153153 32.991895061070295
0.8563063063063063 33.02845380886214
0.8572972972972973 33.06489266233216
0.8582882882882884 33.101218542061844
0.8592792792792794 33.13743836863271
0.8602702702702704 33.173559062626246
0.8612612612612613 33.209587544623986
0.8622522522522523 33.24553073520741
0.8632432432432433 33.28139555495804
0.8642342342342343 33.317188924457376
0.8652252252252253 33.352917764326136
0.8662162162162163 33.38858899543016
0.8672072072072072 33.4242095387299
0.8681981981981982 33.45978631518594
0.8691891891891893 33.49532624575894
0.8701801801801803 33.530836251409504
0.8711711711711713 33.56632325309827
0.8721621621621622 33.60179417178585
0.8731531531531532 33.637255928432864
0.8741441441441442 33.67271544399994
0.8751351351351352 33.70817963944772
0.8761261261261262 33.74365543573682
0.8771171171171172 33.77914975382786
0.8781081081081081 33.814669514681796
0.8790990990990992 33.85022163970111
0.8800900900900902 33.885813051604124
0.8810810810810812 33.921450673353206
0.8820720720720722 33.95714142791075
0.8830630630630631 33.992892238239065
0.8840540540540541 34.028710027300505
0.8850450450450451 34.06460171805744
0.8860360360360361 34.10057423455645
0.8870270270270271 34.13663445256835
0.888018018018018 34.17278518416906
0.889009009009009 34.20902234644014
0.8900000000000001 34.24534118794026
0.8909909909909911 34.281736957228
0.8919819819819821 34.31820490286197
0.8929729729729731 34.35474027340079
0.893963963963964 34.39133831740308
0.894954954954955 34.42799428342743
0.895945945945946 34.46470342003248
0.896936936936937 34.50146097576768
0.897927927927928 34.5382621990159
0.898918918918919 34.57510233801452
0.8999099099099099 34.611976640996005
0.900900900900901 34.64888035619285
0.901891891891892 34.68580873183754
0.902882882882883 34.72275701616254
0.903873873873874 34.75972045740032
0.904864864864865 34.7966943037834
0.9058558558558559 34.83367380354422
0.9068468468468469 34.87065420491529
0.9078378378378379 34.90763075612911
0.9088288288288289 34.94459870541807
0.9098198198198199 34.98155330101474
0.9108108108108108 35.018489791246886
0.9118018018018019 35.05540342630672
0.9127927927927929 35.09228945808546
0.9137837837837839 35.12914313853634
0.9147747747747749 35.16595971961262
0.9157657657657658 35.202734453267546
0.9167567567567568 35.2394625914544
0.9177477477477478 35.27613938611486
0.9187387387387388 35.312760087465016
0.9197297297297298 35.34931994217773
0.9207207207207208 35.38581419649065
0.9217117117117117 35.42223809664148
0.9227027027027028 35.45858688886786
0.9236936936936938 35.49485581940748
0.9246846846846848 35.531040134498
0.9256756756756758 35.567135080377085
0.9266666666666667 35.60313590328241
0.9276576576576577 35.63903784945162
0.9286486486486487 35.67483616512244
0.9296396396396397 35.71052743181692
0.9306306306306307 35.74611428524006
0.9316216216216217 35.78160107612222
0.9326126126126126 35.816992155315376
0.9336036036036037 35.85229187367144
0.9345945945945947 35.887504582042354
0.9355855855855857 35.92263463128006
0.9365765765765767 35.95768637223652
0.9375675675675677 35.99266415576364
0.9385585585585586 36.02757233271337
0.9395495495495496 36.062415253937665
0.9405405405405406 36.097197270288454
0.9415315315315316 36.131922732617646
0.9425225225225226 36.166595991777235
0.9435135135135135 36.20122139861912
0.9445045045045046 36.235803304155716
0.9454954954954956 36.270346060658106
0.9464864864864866 36.30485402099137
0.9474774774774776 36.33933153802412
0.9484684684684686 36.37378296462492
0.9494594594594595 36.40821265366238
0.9504504504504505 36.442624958005084
0.9514414414414415 36.47702423052958
0.9524324324324325 36.51141482513977
0.9534234234234235 36.545801097770074
0.9544144144144144 36.58018740459317
0.9554054054054055 36.61457810178174
0.9563963963963965 36.64897754550848
0.9573873873873875 36.683390091946066
0.9583783783783785 36.717820097267186
0.9593693693693695 36.75227191764455
0.9603603603603604 36.78674990925081
0.9613513513513514 36.821258428258695
0.9623423423423424 36.855801830840846
0.9633333333333334 36.89038447316998
0.9643243243243244 36.92501071141747
0.9653153153153153 36.959684901673455
0.9663063063063064 36.99441139990006
0.9672972972972974 37.02919456204812
0.9682882882882884 37.064038744068476
0.9692792792792794 37.09894830191203
0.9702702702702704 37.13392759152959
0.9712612612612613 37.168980968872056
0.9722522522522523 37.20411278989025
0.9732432432432433 37.23932701923182
0.9742342342342343 37.27462196417647
0.9752252252252253 37.3099916758939
0.9762162162162163 37.345430101637476
0.9772072072072073 37.38093118866055
0.9781981981981983 37.41648888421651
0.9791891891891893 37.452097135803626
0.9801801801801803 37.487749892812296
0.9811711711711713 37.523441105514074
0.9821621621621622 37.5591647241855
0.9831531531531532 37.594914699103086
0.9841441441441442 37.630684980543315
0.9851351351351352 37.666469518782755
0.9861261261261262 37.70226226409785
0.9871171171171172 37.738057165826035
0.9881081081081082 37.77384816961747
0.9890990990990992 37.80962922021733
0.9900900900900902 37.845394262370874
0.9910810810810812 37.88113724082332
0.9920720720720722 37.91685210031986
0.9930630630630631 37.952532785605754
0.9940540540540541 37.98817324142622
0.9950450450450451 38.02376741252647
0.9960360360360361 38.05930924365174
0.9970270270270271 38.09479267954723
0.9980180180180181 38.130211664958196
0.9990090090090091 38.16556014462984
1.0 38.20083206330907
