0.01 0.0
0.010990990990990991 0.0
0.011981981981981983 0.0
0.012972972972972972 0.0
0.013963963963963964 0.0
0.014954954954954955 0.0
0.015945945945945946 0.0
0.016936936936936937 0.0
0.01792792792792793 0.0
0.01891891891891892 0.0
0.01990990990990991 0.0
0.020900900900900903 0.0
0.02189189189189189 0.0
0.022882882882882885 0.0
0.023873873873873873 0.0
0.024864864864864868 0.0
0.025855855855855855 0.0
0.02684684684684685 0.0
0.027837837837837838 0.0
0.028828828828828833 0.0
0.02981981981981982 0.0
0.030810810810810815 0.0
0.0318018018018018 0.0
0.0327927927927928 0.0
0.033783783783783786 0.0
0.03477477477477477 0.0
0.03576576576576577 0.0
0.036756756756756756 0.0
0.03774774774774775 0.0
0.03873873873873874 0.0
0.03972972972972973 0.0
0.04072072072072072 0.0
0.041711711711711716 0.0
0.042702702702702704 0.0
0.0436936936936937 0.0
0.044684684684684686 0.0
0.04567567567567568 0.0
0.04666666666666667 0.0
0.047657657657657664 0.0
0.04864864864864865 0.0
0.049639639639639646 0.0
0.050630630630630634 0.0
0.05162162162162163 0.0
0.052612612612612616 0.0
0.05360360360360361 0.0
0.0545945945945946 0.0
0.055585585585585594 0.0
0.05657657657657658 0.0
0.05756756756756757 0.0
0.058558558558558564 0.0
0.05954954954954955 0.0
0.06054054054054055 0.0
0.061531531531531534 0.0
0.06252252252252252 0.0
0.06351351351351352 0.0
0.06450450450450451 0.0
0.06549549549549549 0.0
0.06648648648648649 0.0
0.06747747747747748 0.0
0.06846846846846848 0.0
0.06945945945945946 0.0
0.07045045045045045 0.0
0.07144144144144145 0.0
0.07243243243243244 0.0
0.07342342342342342 0.0
0.07441441441441442 0.0
0.0754054054054054 0.0
0.0763963963963964 0.0
0.07738738738738739 0.0
0.07837837837837838 0.0
0.07936936936936936 0.0
0.08036036036036036 0.0
0.08135135135135135 0.0
0.08234234234234235 0.0
0.08333333333333333 0.0
0.08432432432432432 0.0
0.08531531531531532 0.0
0.08630630630630631 0.0
0.0872972972972973 0.0
0.08828828828828829 0.0
0.08927927927927928 0.0
0.09027027027027026 0.0
0.09126126126126126 0.0
0.09225225225225225 0.0
0.09324324324324325 0.0
0.09423423423423423 0.0
0.09522522522522522 0.0
0.09621621621621622 0.0
0.09720720720720721 0.0
0.0981981981981982 0.0
0.09918918918918919 0.0
0.10018018018018018 0.0
0.10117117117117118 0.0
0.10216216216216216 0.0
0.10315315315315315 0.0
0.10414414414414415 0.0
0.10513513513513513 0.0
0.10612612612612612 0.0
0.10711711711711712 0.0
0.10810810810810811 0.0
0.1090990990990991 0.0
0.11009009009009009 0.0
0.11108108108108108 0.0
0.11207207207207208 0.0
0.11306306306306306 0.0
0.11405405405405405 0.0
0.11504504504504505 0.0
0.11603603603603604 0.0
0.11702702702702703 0.0
0.11801801801801802 0.0
0.11900900900900901 0.0
0.12000000000000001 0.0
0.12099099099099099 0.0
0.12198198198198199 7.75304368607021e-06
0.12297297297297298 4.7773447509049685e-05
0.12396396396396396 8.779385133202861e-05
0.12495495495495496 0.0001278142551550081
0.12594594594594596 0.00016783465897798812
0.12693693693693694 0.00030937031335135826
0.12792792792792793 0.0006163155815436592
0.12891891891891893 0.0010062573145692187
0.12990990990990992 0.0014599405126559705
0.13090090090090092 0.0019581101760318934
0.1318918918918919 0.0024867280113416387
0.13288288288288289 0.00308791651071623
0.1338738738738739 0.0038380097330040757
0.13486486486486488 0.004813827632730159
0.13585585585585588 0.006092190164419563
0.13684684684684686 0.007740730754605684
0.13783783783783785 0.00971878404370961
0.13882882882882885 0.011915092959207086
0.13981981981981983 0.014217191054628342
0.14081081081081082 0.01651261188350379
0.14180180180180182 0.018691496612606037
0.1427927927927928 0.020722498775636682
0.14378378378378381 0.022664714907453136
0.1447747747747748 0.02458225026192175
0.14576576576576578 0.026539210092909053
0.14675675675675678 0.02859969747564933
0.14774774774774777 0.030780199530734187
0.14873873873873875 0.032926767510144735
0.14972972972972975 0.034847334029974315
0.15072072072072074 0.03634983170631614
0.15171171171171174 0.03724219315526357
0.15270270270270273 0.03733944934626034
0.1536936936936937 0.03670753255291915
0.15468468468468471 0.035724512385177966
0.1556756756756757 0.03478798740174358
0.15666666666666668 0.03429555616132268
0.15765765765765768 0.03464481722262202
0.15864864864864867 0.03621141186517581
0.15963963963963965 0.03902054873626527
0.16063063063063066 0.042816063904913645
0.16162162162162164 0.047333763337660276
0.16261261261261264 0.05230949540479132
0.16360360360360363 0.0574791084920288
0.1645945945945946 0.06258440890228828
0.16558558558558562 0.06748183323870613
0.1665765765765766 0.07213131873017521
0.16756756756756758 0.07649645814650166
0.16855855855855859 0.08054088243815402
0.16954954954954957 0.08422823507801173
0.17054054054054055 0.08752270945518797
0.17153153153153156 0.09045321618741253
0.17252252252252254 0.09317338911797567
0.17351351351351355 0.09585109915832808
0.17450450450450453 0.09865426629931673
0.1754954954954955 0.10175081335939617
0.17648648648648652 0.105308663157021
0.1774774774774775 0.10947047570040719
0.17846846846846848 0.11414695957556466
0.17945945945945949 0.11912408574472617
0.18045045045045047 0.12418670129470666
0.18144144144144148 0.12911968806775792
0.18243243243243246 0.13370792807717932
0.18342342342342344 0.13773630333627068
0.18441441441441445 0.1410480679863953
0.18540540540540543 0.1437473266990153
0.1863963963963964 0.14601102655373102
0.18738738738738742 0.14801615095249054
0.1883783783783784 0.1499396942685916
0.18936936936936938 0.15195865088261035
0.1903603603603604 0.15425001517512288
0.19135135135135137 0.1569670280877913
0.19234234234234238 0.1601490733676799
0.19333333333333336 0.16380145318753767
0.19432432432432434 0.1679293941827852
0.19531531531531535 0.17253808731556652
0.19630630630630633 0.17763272325347038
0.1972972972972973 0.183218492664086
0.19828828828828832 0.18929360379137924
0.1992792792792793 0.1957680651772182
0.20027027027027028 0.20249145575160163
0.2012612612612613 0.2093121303199094
0.20225225225225227 0.21607837038478406
0.20324324324324328 0.22263845090803555
0.20423423423423426 0.22884064685147315
0.20522522522522524 0.23453325400749045
0.20621621621621625 0.23962379742468543
0.20720720720720723 0.2442087116118314
0.2081981981981982 0.24842200831545935
0.20918918918918922 0.25239764910671
0.2101801801801802 0.25626955729953305
0.2111711711711712 0.2601716552447898
0.2121621621621622 0.2642378652933411
0.21315315315315317 0.2686016598461537
0.21414414414414418 0.27332583984252556
0.21513513513513516 0.2783262206811516
0.21612612612612614 0.28350028761533963
0.21711711711711715 0.28874552438912654
0.21810810810810813 0.29395941355830807
0.2190990990990991 0.29903943764655
0.22009009009009012 0.30388307917751806
0.2210810810810811 0.30838783883223003
0.2220720720720721 0.3125117139431761
0.2230630630630631 0.3164080530682491
0.22405405405405407 0.32026956195185224
0.22504504504504508 0.32428892668744563
0.22603603603603606 0.3286587978740199
0.22702702702702704 0.3335718223820218
0.22801801801801805 0.3392206470818985
0.22900900900900903 0.3457979188440962
0.23000000000000004 0.35347808021583893
0.23099099099099102 0.36216898157305005
0.231981981981982 0.3715761758642129
0.232972972972973 0.38140018095224704
0.233963963963964 0.39134154552782274
0.23495495495495497 0.40110083913923095
0.23594594594594598 0.4103786317286237
0.23693693693693696 0.4188754932381523
0.23792792792792794 0.4262919936099689
0.23891891891891895 0.43238129198835945
0.23990990990990993 0.43725392449832384
0.24090090090090094 0.4411691308186179
0.24189189189189192 0.44438663567131204
0.2428828828828829 0.44716613222235313
0.2438738738738739 0.44976729388690273
0.2448648648648649 0.45244979377721123
0.24585585585585587 0.45547330500552946
0.24684684684684688 0.45909750068410804
0.24783783783783786 0.4635553559038544
0.24882882882882884 0.46880821927470867
0.24981981981981985 0.47465899333570505
0.2508108108108108 0.4809086015865299
0.25180180180180184 0.4873579768257487
0.2527927927927928 0.4938080647827257
0.2537837837837838 0.5000598121422851
0.2547747747747748 0.5059141655892504
0.25576576576576576 0.5111720956180957
0.25675675675675674 0.5156354402354021
0.2577477477477478 0.5192288810984421
0.25873873873873876 0.522123069598273
0.25972972972972974 0.5245179767014181
0.2607207207207207 0.5266135708237865
0.26171171171171176 0.5286097955726466
0.26270270270270274 0.5307065805843124
0.2636936936936937 0.5331038553386821
0.2646846846846847 0.5360015493156541
0.2656756756756757 0.539599569384013
0.2666666666666667 0.5440939258013969
0.2676576576576577 0.5495446176959363
0.2686486486486487 0.5558442171404242
0.26963963963963966 0.562874990350891
0.27063063063063064 0.570519208702915
0.2716216216216216 0.5786592546988285
0.27261261261261266 0.5871784411409139
0.27360360360360364 0.595958122942661
0.2745945945945946 0.6048806618716207
0.2755855855855856 0.6138287347741862
0.2765765765765766 0.6226847341184645
0.2775675675675676 0.6313611128472095
0.2785585585585586 0.6398316660385048
0.2795495495495496 0.6480771856419747
0.28054054054054056 0.6560771207040931
0.28153153153153154 0.6638120792956774
0.2825225225225225 0.6712627653624109
0.28351351351351356 0.6784095940320981
0.28450450450450454 0.6852329388510203
0.2854954954954955 0.6917133273314169
0.2864864864864865 0.6978312906694121
0.2874774774774775 0.703570982896952
0.2884684684684685 0.7089640355768277
0.2894594594594595 0.7140749294879649
0.2904504504504505 0.718968769414918
0.29144144144144146 0.7237106515837204
0.29243243243243244 0.728365789930919
0.2934234234234235 0.7329995131177378
0.29441441441441446 0.7376771766996747
0.29540540540540544 0.7424641476539009
0.2963963963963964 0.7474257929098436
0.2973873873873874 0.7526274736519527
0.2983783783783784 0.7581295725626241
0.2993693693693694 0.76393413455199
0.3003603603603604 0.7700053485961494
0.3013513513513514 0.7763067623805125
0.30234234234234236 0.7828019234139806
0.30333333333333334 0.7894543510446997
0.3043243243243244 0.7962275046924169
0.30531531531531536 0.8030848170273139
0.30630630630630634 0.8099897050362553
0.3072972972972973 0.8169055864076502
0.3082882882882883 0.8237958783126638
0.3092792792792793 0.830624065558694
0.3102702702702703 0.837361085689682
0.3112612612612613 0.8439918933333916
0.3122522522522523 0.8505029919611924
0.31324324324324326 0.8568808866698595
0.31423423423423424 0.8631120883487038
0.3152252252252253 0.8691830916031269
0.31621621621621626 0.8750803790882808
0.31720720720720724 0.8807904489371672
0.3181981981981982 0.8862998047317168
0.3191891891891892 0.891594954955104
0.3201801801801802 0.8966624160124766
0.3211711711711712 0.901764181603232
0.3221621621621622 0.9070072810879883
0.3231531531531532 0.9120577311545963
0.32414414414414416 0.9169550359008831
0.32513513513513514 0.9217386976936798
0.3261261261261262 0.9264482193383592
0.32711711711711716 0.931123124767599
0.32810810810810814 0.9358029618955023
0.3290990990990991 0.9405272906500945
0.3300900900900901 0.9453356802157781
0.3310810810810811 0.950267679687161
0.3320720720720721 0.955362900389583
0.3330630630630631 0.9606627906577934
0.3340540540540541 0.9661784348296931
0.33504504504504506 0.9718740011452011
0.33603603603603605 0.9777394265599604
0.3370270270270271 0.9837646476029329
0.33801801801801806 0.9899396007999558
0.33900900900900904 0.9962542242020483
0.34 1.0026984694083234
0.340990990990991 1.0092622927524642
0.34198198198198204 1.015935627996456
0.342972972972973 1.0227084243951607
0.343963963963964 1.029570630471094
0.344954954954955 1.0365121921165228
0.34594594594594597 1.0435229631199787
0.34693693693693695 1.0505890811185117
0.347927927927928 1.0576918442751664
0.34891891891891896 1.064812225444326
0.34990990990990994 1.0719311974800767
0.3509009009009009 1.0790297332009824
0.3518918918918919 1.0860888026078253
0.35288288288288294 1.0930893635011436
0.3538738738738739 1.1000123834338749
0.3548648648648649 1.106838823788134
0.3558558558558559 1.1135496664151008
0.35684684684684687 1.1201258931756002
0.35783783783783785 1.1265484886691524
0.3588288288288289 1.1327984835149962
0.35981981981981986 1.1388712341599323
0.36081081081081084 1.1447978445510103
0.3618018018018018 1.1506149046209762
0.3627927927927928 1.1563590044899237
0.36378378378378384 1.1620667346917672
0.3647747747747748 1.1677746861823246
0.3657657657657658 1.1735194589792035
0.3667567567567568 1.1793376878185609
0.36774774774774777 1.1852659667549812
0.36873873873873875 1.191340888916509
0.3697297297297298 1.1975990572256667
0.37072072072072076 1.204077089500051
0.37171171171171175 1.2108115839198994
0.3727027027027027 1.2178380065599057
0.3736936936936937 1.2251546473187769
0.37468468468468474 1.2327147369104392
0.3756756756756757 1.2404688014927152
0.3766666666666667 1.248367367483947
0.3776576576576577 1.2563609603973307
0.37864864864864867 1.2644001048135325
0.37963963963963965 1.2724353137482673
0.3806306306306307 1.2804170803051875
0.38162162162162167 1.288295955232875
0.38261261261261265 1.2960225314600948
0.3836036036036036 1.3035474021626974
0.3845945945945946 1.3108211647008199
0.38558558558558564 1.3177944293235546
0.3865765765765766 1.3244179399424778
0.3875675675675676 1.3306747683418687
0.3885585585585586 1.3366246057398847
0.38954954954954957 1.3423382740769085
0.39054054054054055 1.3478865990509254
0.3915315315315316 1.353340406872924
0.39252252252252257 1.3587705237682999
0.39351351351351355 1.3642477752315743
0.3945045045045045 1.369842977705324
0.3954954954954955 1.3756269459895218
0.39648648648648654 1.3816705095021176
0.3974774774774775 1.388044500902127
0.3984684684684685 1.39481975339886
0.3994594594594595 1.4020671067170427
0.40045045045045047 1.4098573939122192
0.4014414414414415 1.4182601501923435
0.4024324324324325 1.4272860517042276
0.40342342342342347 1.4368640539728998
0.40441441441441445 1.4469170897609969
0.40540540540540543 1.4573680919404672
0.4063963963963964 1.4681399933832615
0.40738738738738745 1.4791557269613285
0.4083783783783784 1.4903382244319134
0.4093693693693694 1.5016103910283263
0.4103603603603604 1.5128951010836347
0.41135135135135137 1.524115205586211
0.4123423423423424 1.5351935441416673
0.4133333333333334 1.5460529557889688
0.41432432432432437 1.5566162838112805
0.41531531531531535 1.566806371215094
0.41630630630630633 1.5765483913047533
0.4172972972972973 1.5859208840872525
0.41828828828828835 1.5947911573102285
0.4192792792792793 1.6031829153793187
0.4202702702702703 1.6111198627001668
0.4212612612612613 1.6186257036784162
0.42225225225225227 1.6257241427197047
0.4232432432432433 1.632694746464071
0.4242342342342343 1.6394842336365028
0.42522522522522527 1.6459374554154889
0.42621621621621625 1.6520781645527802
0.42720720720720723 1.6579301501716317
0.4281981981981982 1.6635172062540546
0.42918918918918925 1.6688631327241001
0.4301801801801802 1.6739917405844589
0.4311711711711712 1.6789268390408163
0.4321621621621622 1.6836985045545416
0.43315315315315317 1.6884039619928783
0.4341441441441442 1.693026213357232
0.4351351351351352 1.6976176542440358
0.43612612612612617 1.7022306802497256
0.43711711711711715 1.7069176869707345
0.43810810810810813 1.7117310700034976
0.4390990990990991 1.7167692929121006
0.44009009009009015 1.7221247651240703
0.44108108108108113 1.7277651883152625
0.4420720720720721 1.7337420979262759
0.4430630630630631 1.7401069155712494
0.44405405405405407 1.7469110233370744
0.4450450450450451 1.754205802424173
0.4460360360360361 1.762042634528948
0.44702702702702707 1.7704728957995644
0.44801801801801805 1.779547941502313
0.44900900900900903 1.7893161457275415
0.45000000000000007 1.7997672175370005
0.45099099099099105 1.810837156330125
0.45198198198198203 1.8224599803178771
0.452972972972973 1.834569707711222
0.453963963963964 1.8471003567211222
0.45495495495495497 1.8599859456767616
0.455945945945946 1.8731605266766471
0.456936936936937 1.8865588711703771
0.45792792792792797 1.9001164585797097
0.45891891891891895 1.9137687850557317
0.45990990990990993 1.9274512497237786
0.46090090090090097 1.9410992256502198
0.46189189189189195 1.9546480869490057
0.46288288288288293 1.9680332081091878
0.4638738738738739 1.9811899579688568
0.4648648648648649 1.994053673048768
0.46585585585585587 2.0065602889084815
0.4668468468468469 2.018676398691885
0.4678378378378379 2.0304129658735555
0.46882882882882887 2.041784425026038
0.46981981981981985 2.052805210721872
0.47081081081081083 2.0634897580227953
0.47180180180180187 2.073852504645314
0.47279279279279285 2.0839078892019676
0.47378378378378383 2.093670217621008
0.4747747747747748 2.103153286552668
0.4757657657657658 2.112370783881534
0.47675675675675677 2.1213364177811203
0.4777477477477478 2.1300639158495196
0.4787387387387388 2.1385670070861886
0.47972972972972977 2.1468594204905855
0.48072072072072075 2.1549548850691655
0.48171171171171173 2.1628671334411576
0.48270270270270277 2.1706099077291396
0.48369369369369375 2.17819729078007
0.48468468468468473 2.185649917227821
0.4856756756756757 2.1929943464730215
0.4866666666666667 2.2002573512888963
0.4876576576576577 2.20746570429605
0.4886486486486487 2.2146461779504327
0.4896396396396397 2.221825544529323
0.49063063063063067 2.2290305711169576
0.49162162162162165 2.236288033707888
0.49261261261261263 2.2436247993635026
0.49360360360360367 2.251067769125552
0.49459459459459465 2.2586438428974187
0.49558558558558563 2.266379918155779
0.4965765765765766 2.2743028919974355
0.4975675675675676 2.2824396615191884
0.49855855855855863 2.290817123817842
0.4995495495495496 2.299462184071553
0.5005405405405405 2.3084017385571123
0.5015315315315315 2.317662687091742
0.5025225225225225 2.327260816351541
0.5035135135135135 2.337171492268081
0.5045045045045046 2.3473608929034544
0.5054954954954956 2.357795192833606
0.5064864864864865 2.3684405664324006
0.5074774774774775 2.3792631876467842
0.5084684684684685 2.390229230078898
0.5094594594594595 2.4013048673494355
0.5104504504504505 2.4124562636106934
0.5114414414414414 2.423649546442441
0.5124324324324325 2.43485085323816
0.5134234234234235 2.446026342990133
0.5144144144144145 2.457142187788553
0.5154054054054055 2.4681645613037846
0.5163963963963965 2.4790596372061966
0.5173873873873874 2.489793589166154
0.5183783783783784 2.5003325997022707
0.5193693693693694 2.5106428381319605
0.5203603603603604 2.5206904712417657
0.5213513513513514 2.5304482974396003
0.5223423423423423 2.539933794592692
0.5233333333333334 2.5491829023204917
0.5243243243243244 2.558231620445553
0.5253153153153154 2.5671159534327583
0.5263063063063064 2.5758719064734232
0.5272972972972974 2.5845354850840003
0.5282882882882883 2.5931426955102634
0.5292792792792793 2.60172954429149
0.5302702702702703 2.6103320435884823
0.5312612612612613 2.6189862115651805
0.5322522522522523 2.627728065195975
0.5332432432432432 2.6365936307937874
0.5342342342342343 2.645618943176939
0.5352252252252253 2.654840037427029
0.5362162162162163 2.6642929486256604
0.5372072072072073 2.674013711854434
0.5381981981981983 2.684038361878421
0.5391891891891892 2.6944029416648783
0.5401801801801802 2.7051434942689934
0.5411711711711712 2.716285873318836
0.5421621621621622 2.7278007106133164
0.5431531531531532 2.7396400135415617
0.5441441441441441 2.7517557751466537
0.5451351351351352 2.764099988654113
0.5461261261261262 2.776624647856097
0.5471171171171172 2.78928174665445
0.5481081081081082 2.8020232789510215
0.5490990990990992 2.814801238643971
0.5500900900900901 2.827567617671722
0.5510810810810811 2.840274402865035
0.5520720720720721 2.8528735830870615
0.5530630630630631 2.865317150503173
0.5540540540540541 2.8775570963218073
0.555045045045045 2.889545411566705
0.5560360360360361 2.901234087261609
0.5570270270270271 2.9125751144302536
0.5580180180180181 2.923520484484497
0.5590090090090091 2.9340221892243084
0.56 2.944032216614509
0.560990990990991 2.9535027269461107
0.561981981981982 2.9624172895267797
0.562972972972973 2.9708270688654177
0.563963963963964 2.9787920019583014
0.564954954954955 2.986372024889861
0.5659459459459459 2.9936270736696633
0.566936936936937 3.0006170843072737
0.567927927927928 3.0074019928122526
0.568918918918919 3.0140417351941697
0.56990990990991 3.020596247462695
0.570900900900901 3.0271254662075986
0.5718918918918919 3.0336893299588277
0.5728828828828829 3.0403477790639273
0.5738738738738739 3.047160760589184
0.5748648648648649 3.05418823530084
0.5758558558558559 3.0614901674234996
0.576846846846847 3.0691265211581085
0.5778378378378379 3.0771572596682732
0.5788288288288289 3.0856423446984556
0.5798198198198199 3.0946417466822695
0.5808108108108109 3.104215428513412
0.5818018018018019 3.114423359909738
0.5827927927927928 3.125317157035707
0.5837837837837838 3.1368730968430376
0.5847747747747748 3.149027527061421
0.5857657657657658 3.1617164299248808
0.5867567567567568 3.1748757876674474
0.5877477477477479 3.188441582523153
0.5887387387387388 3.2023497967260193
0.5897297297297298 3.2165364125100795
0.5907207207207208 3.230937412109359
0.5917117117117118 3.2454887777561092
0.5927027027027028 3.260126491136872
0.5936936936936937 3.274786532625777
0.5946846846846847 3.2894048830589133
0.5956756756756757 3.3039175203207254
0.5966666666666667 3.3182604026320126
0.5976576576576577 3.3323694839856417
0.5986486486486488 3.3461807201503895
0.5996396396396397 3.359630066775139
0.6006306306306307 3.3726534788517597
0.6016216216216217 3.3851869098764102
0.6026126126126127 3.3971663108217407
0.6036036036036037 3.4085276313545982
0.6045945945945946 3.41920888376595
0.6055855855855856 3.429209283414949
0.6065765765765766 3.4385980313993008
0.6075675675675676 3.4474481583116545
0.6085585585585586 3.455832694744649
0.6095495495495497 3.4638246712909346
0.6105405405405406 3.47149711854315
0.6115315315315316 3.478923067093942
0.6125225225225226 3.4861755475359555
0.6135135135135136 3.4933275904618335
0.6145045045045046 3.500452226484176
0.6154954954954955 3.507622486777732
0.6164864864864865 3.514911403133601
0.6174774774774775 3.522392004926531
0.6184684684684685 3.5301373227893476
0.6194594594594595 3.5382204044947
0.6204504504504506 3.54671430229369
0.6214414414414415 3.5556920696706973
0.6224324324324325 3.5652267601386973
0.6234234234234235 3.57539142769929
0.6244144144144145 3.586259127620567
0.6254054054054055 3.5979029191667795
0.6263963963963964 3.610395864661969
0.6273873873873874 3.6238101813872454
0.6283783783783784 3.638162262890705
0.6293693693693694 3.6533788984377593
0.6303603603603604 3.66937879813895
0.6313513513513515 3.6860806721048194
0.6323423423423424 3.703403230445905
0.6333333333333334 3.7212651832727497
0.6343243243243244 3.7395852406958974
0.6353153153153154 3.758282112825887
0.6363063063063064 3.777274509773259
0.6372972972972973 3.7964811416485564
0.6382882882882883 3.8158207185780557
0.6392792792792793 3.8352119509893043
0.6402702702702703 3.854573550935215
0.6412612612612613 3.8738242331377233
0.6422522522522524 3.8928827110600164
0.6432432432432433 3.911667694606318
0.6442342342342343 3.930097893418399
0.6452252252252253 3.9480920164309086
0.6462162162162163 3.9655687722538095
0.6472072072072073 3.9824468694953623
0.6481981981981982 3.998645016569365
0.6491891891891892 4.014081919768276
0.6501801801801802 4.02867628407928
0.6511711711711712 4.04234751000264
0.6521621621621622 4.055067148246939
0.6531531531531533 4.066894220941146
0.6541441441441442 4.077896107861173
0.6551351351351352 4.088140188782932
0.6561261261261262 4.097693843482335
0.6571171171171172 4.106624451735298
0.6581081081081082 4.114999393317729
0.6590990990990991 4.122886048005543
0.6600900900900901 4.130351795574655
0.6610810810810811 4.137464015774686
0.6620720720720721 4.144290087711798
0.6630630630630631 4.15089739023075
0.6640540540540542 4.157353302897285
0.6650450450450451 4.163725204411453
0.6660360360360361 4.170080463174312
0.6670270270270271 4.176486436569573
0.6680180180180181 4.183010480354627
0.6690090090090091 4.189719950303175
0.67 4.196682202188921
0.670990990990991 4.203964591785574
0.671981981981982 4.2116344748668375
0.672972972972973 4.2197592082054705
0.6739639639639641 4.228406154484076
0.674954954954955 4.237642678550411
0.675945945945946 4.247535101486602
0.676936936936937 4.2581037460459665
0.677927927927928 4.26930584079852
0.678918918918919 4.2810940439701195
0.67990990990991 4.293421013786625
0.6809009009009009 4.306239408473889
0.6818918918918919 4.319501886257769
0.6828828828828829 4.333161105364123
0.6838738738738739 4.347169724025319
0.684864864864865 4.361480400727624
0.685855855855856 4.37604579375743
0.6868468468468469 4.390818560779502
0.6878378378378379 4.405751359433257
0.6888288288288289 4.420796847305616
0.6898198198198199 4.435907681103558
0.6908108108108109 4.451036519140315
0.6918018018018018 4.466136032061958
0.6927927927927928 4.481158900494096
0.6937837837837838 4.4960578057156955
0.6947747747747748 4.510785429005705
0.6957657657657659 4.5252944516430915
0.6967567567567569 4.539537554906804
0.6977477477477478 4.553467420074834
0.6987387387387388 4.5670367273990795
0.6997297297297298 4.580198154159308
0.7007207207207208 4.592904377100251
0.7017117117117118 4.605109976433248
0.7027027027027027 4.616810123093214
0.7036936936936937 4.628038882346131
0.7046846846846847 4.6388318834522195
0.7056756756756757 4.649224755671707
0.7066666666666668 4.659253128264814
0.7076576576576578 4.668952630487982
0.7086486486486487 4.6783588912312215
0.7096396396396397 4.687507537565137
0.7106306306306307 4.6964341958944615
0.7116216216216217 4.705174492622602
0.7126126126126127 4.713764054540495
0.7136036036036036 4.722238509864107
0.7145945945945946 4.730633487364992
0.7155855855855856 4.738984615991743
0.7165765765765766 4.747327524483666
0.7175675675675677 4.7556978552549305
0.7185585585585587 4.764131210502884
0.7195495495495496 4.772663205944933
0.7205405405405406 4.781329459994424
0.7215315315315316 4.790165591064696
0.7225225225225226 4.799207217569093
0.7235135135135136 4.80848995792095
0.7245045045045045 4.818049430596301
0.7254954954954955 4.827921256859014
0.7264864864864865 4.838141061811674
0.7274774774774775 4.848744470836481
0.7284684684684686 4.85976439040501
0.7294594594594596 4.87120186455993
0.7304504504504505 4.883037259158278
0.7314414414414415 4.895250589907858
0.7324324324324325 4.907821872791926
0.7334234234234235 4.9207311256184365
0.7344144144144145 4.933958366755925
0.7354054054054054 4.947483614552223
0.7363963963963964 4.961286887298401
0.7373873873873874 4.97534820210086
0.7383783783783784 4.989647574944762
0.7393693693693695 5.0041650217712155
0.7403603603603605 5.018880558521486
0.7413513513513514 5.033774201160865
0.7423423423423424 5.048825965703617
0.7433333333333334 5.064015868169966
0.7443243243243244 5.0793239246714155
0.7453153153153154 5.094730154627243
0.7463063063063063 5.110214577781125
0.7472972972972973 5.125757211971852
0.7482882882882883 5.141338075038202
0.7492792792792793 5.1569371848189585
0.7502702702702704 5.172534559152908
0.7512612612612614 5.188110215878832
0.7522522522522523 5.203644173268254
0.7532432432432433 5.219116455402782
0.7542342342342343 5.2345070905191395
0.7552252252252253 5.249796106944115
0.7562162162162163 5.26496535898209
0.7572072072072072 5.28001048737885
0.7581981981981982 5.294933428408856
0.7591891891891892 5.309736151354746
0.7601801801801802 5.324420625535193
0.7611711711711713 5.338988820268204
0.7621621621621623 5.353442704694775
0.7631531531531532 5.367784247541401
0.7641441441441442 5.382015417475333
0.7651351351351352 5.39613818316381
0.7661261261261262 5.410154513274085
0.7671171171171172 5.4240663764734
0.7681081081081081 5.437875741429007
0.7690990990990991 5.4515845768399505
0.7700900900900901 5.46519485163554
0.7710810810810811 5.47870853484647
0.7720720720720722 5.492127595495111
0.7730630630630632 5.505454001117848
0.7740540540540541 5.518689722845575
0.7750450450450451 5.531836735422484
0.7760360360360361 5.544897013609891
0.7770270270270271 5.557872532169095
0.7780180180180181 5.570765265861407
0.779009009009009 5.583577189448143
0.78 5.5963102776906
0.780990990990991 5.608966515940902
0.7819819819819821 5.6215478644840395
0.7829729729729731 5.634056288237159
0.7839639639639641 5.6464937532754735
0.784954954954955 5.658862876043578
0.785945945945946 5.6711702359524105
0.786936936936937 5.68342389880897
0.787927927927928 5.695631933246389
0.788918918918919 5.707802408728615
0.78990990990991 5.719943394942298
0.7909009009009009 5.732062961574087
0.7918918918918919 5.744169178310637
0.792882882882883 5.756270114838606
0.793873873873874 5.768373840844641
0.794864864864865 5.780488426015399
0.7958558558558559 5.792621940037531
0.7968468468468469 5.804782452597694
0.7978378378378379 5.81697803338215
0.7988288288288289 5.829216752047312
0.7998198198198199 5.841506678199055
0.8008108108108108 5.853855881438363
0.8018018018018018 5.866272431430261
0.8027927927927928 5.878764396381559
0.8037837837837839 5.891339837616037
0.8047747747747749 5.904006815134089
0.8057657657657659 5.916773388936105
0.8067567567567568 5.929647619022468
0.8077477477477478 5.942637565393574
0.8087387387387388 5.955751288049823
0.8097297297297298 5.968996846994041
0.8107207207207208 5.982382306456387
0.8117117117117117 5.99591576339537
0.8127027027027027 6.009605324685274
0.8136936936936937 6.023459097331754
0.8146846846846848 6.037483578162069
0.8156756756756758 6.051674855096096
0.8166666666666668 6.066024876471451
0.8176576576576577 6.080525580049106
0.8186486486486487 6.095168903590034
0.8196396396396397 6.109946784855206
0.8206306306306307 6.124851161605587
0.8216216216216217 6.1398739716021655
0.8226126126126126 6.1550071526059
0.8236036036036036 6.170242642377772
0.8245945945945946 6.185572378678751
0.8255855855855857 6.2009882992698095
0.8265765765765767 6.216482341911917
0.8275675675675677 6.232046444366055
0.8285585585585586 6.247672544411449
0.8295495495495496 6.263352580033633
0.8305405405405406 6.279078489348424
0.8315315315315316 6.294842210473678
0.8325225225225226 6.310635681809034
0.8335135135135135 6.326450851636016
0.8345045045045045 6.342279680449853
0.8354954954954955 6.358114129499642
0.8364864864864866 6.373946160034484
0.8374774774774776 6.389767733301264
0.8384684684684686 6.405570810344374
0.8394594594594595 6.42134735067606
0.8404504504504505 6.437089309345954
0.8414414414414415 6.452788639434207
0.8424324324324325 6.468437288766836
0.8434234234234235 6.484027201939161
0.8444144144144144 6.499550322961424
0.8454054054054054 6.514998879213101
0.8463963963963964 6.530368220534309
0.8473873873873875 6.545655632605519
0.8483783783783785 6.560858430014805
0.8493693693693695 6.575973927350236
0.8503603603603604 6.590999439199898
0.8513513513513514 6.605932280151861
0.8523423423423424 6.620769764794204
0.8533333333333334 6.635509207715005
0.8543243243243244 6.650147923502337
0.8553153153153153 6.664683226744282
0.8563063063063063 6.679112432028905
0.8572972972972973 6.693432853944296
0.8582882882882884 6.707641807078524
0.8592792792792794 6.72173660601966
0.8602702702702704 6.7357145653621355
0.8612612612612613 6.7495729997370955
0.8622522522522523 6.763309223788826
0.8632432432432433 6.776920552161663
0.8642342342342343 6.79040429905162
0.8652252252252253 6.803757768488488
0.8662162162162163 6.816978254576352
0.8672072072072072 6.830063050445874
0.8681981981981982 6.8430094489659545
0.8691891891891893 6.8558147472432704
0.8701801801801803 6.868476244810971
0.8711711711711713 6.880991240501191
0.8721621621621622 6.893357028943604
0.8731531531531532 6.905570900521202
0.8741441441441442 6.917630117238255
0.8751351351351352 6.929531924333574
0.8761261261261262 6.941273566828334
0.8771171171171172 6.952852391654536
0.8781081081081081 6.964272005611061
0.8790990990990992 6.9755458027238015
0.8800900900900902 6.986688028876889
0.8810810810810812 6.997712929954465
0.8820720720720722 7.0086347518406615
0.8830630630630631 7.019467740419617
0.8840540540540541 7.030226141575467
0.8850450450450451 7.040924201192344
0.8860360360360361 7.051576165154388
0.8870270270270271 7.062196279345738
0.888018018018018 7.072798789650522
0.889009009009009 7.083397941952879
0.8900000000000001 7.094007982136946
0.8909909909909911 7.10464315608686
0.8919819819819821 7.115317709686753
0.8929729729729731 7.126045888815376
0.893963963963964 7.136841939319558
0.894954954954955 7.147720107034465
0.895945945945946 7.158694637876824
0.896936936936937 7.169779779148852
0.897927927927928 7.180989788290111
0.898918918918919 7.19233893435295
0.8999099099099099 7.203841484292796
0.900900900900901 7.215511704928689
0.901891891891892 7.227363863609114
0.902882882882883 7.2394122278560715
0.903873873873874 7.251671065191653
0.904864864864865 7.264154643137955
0.9058558558558559 7.276877229109798
0.9068468468468469 7.289853078535644
0.9078378378378379 7.303096424081172
0.9088288288288289 7.316621495867429
0.9098198198198199 7.33044252401545
0.9108108108108108 7.344571752832873
0.9118018018018019 7.359004576081002
0.9127927927927929 7.3737278916197475
0.9137837837837839 7.388728532302276
0.9147747747747749 7.403993330981757
0.9157657657657658 7.419509120511359
0.9167567567567568 7.435262733744253
0.9177477477477478 7.451241003533608
0.9187387387387388 7.467430762732592
0.9197297297297298 7.483818844194366
0.9207207207207208 7.50039208077211
0.9217117117117117 7.517137305318991
0.9227027027027028 7.5340413506881765
0.9236936936936938 7.551091049732833
0.9246846846846848 7.568273235306129
0.9256756756756758 7.5855747402612375
0.9266666666666667 7.602982397310564
0.9276576576576577 7.6204830379450605
0.9286486486486487 7.6380634930335045
0.9296396396396397 7.6557105942087755
0.9306306306306307 7.673411176098935
0.9316216216216217 7.6911520729245355
0.9326126126126126 7.708920112926244
0.9336036036036037 7.726702121882344
0.9345945945945947 7.744484925513676
0.9355855855855857 7.762255349541105
0.9365765765765767 7.780000219685479
0.9375675675675677 7.797706361667654
0.9385585585585586 7.815360601208484
0.9395495495495496 7.832949764028823
0.9405405405405406 7.850460676479667
0.9415315315315316 7.867880175754184
0.9425225225225226 7.885195108179599
0.9435135135135135 7.902392320368478
0.9445045045045046 7.919458658933385
0.9454954954954956 7.936383019953537
0.9464864864864866 7.953164930813987
0.9474774774774776 7.969807355559936
0.9484684684684686 7.986313259961696
0.9494594594594595 8.002685609789571
0.9504504504504505 8.018927370813877
0.9514414414414415 8.035041508804905
0.9524324324324325 8.051030989532974
0.9534234234234235 8.06689877876838
0.9544144144144144 8.082647842281439
0.9554054054054055 8.098281145842453
0.9563963963963965 8.113801655221723
0.9573873873873875 8.129212336189564
0.9583783783783785 8.144516154536149
0.9593693693693695 8.159716076182729
0.9603603603603604 8.17481506710361
0.9613513513513514 8.189816093181243
0.9623423423423424 8.204722118548895
0.9633333333333334 8.219536105870048
0.9643243243243244 8.234261018659687
0.9653153153153153 8.248899820771832
0.9663063063063064 8.263455476082715
0.9672972972972974 8.277930951852358
0.9682882882882884 8.292329224255056
0.9692792792792794 8.306653272423057
0.9702702702702704 8.320906075580037
0.9712612612612613 8.335090612949681
0.9722522522522523 8.349209863755666
0.9732432432432433 8.363266807221674
0.9742342342342343 8.377264422571372
0.9752252252252253 8.39120568902845
0.9762162162162163 8.405093585546041
0.9772072072072073 8.418931085908977
0.9781981981981983 8.432721159259406
0.9791891891891893 8.446466774574418
0.9801801801801803 8.460170900831116
0.9811711711711713 8.473836588045831
0.9821621621621622 8.4874676209912
0.9831531531531532 8.501068175602397
0.9841441441441442 8.514642431450868
0.9851351351351352 8.52819456810805
0.9861261261261262 8.541728765145393
0.9871171171171172 8.555249202134332
0.9881081081081082 8.568760058646314
0.9890990990990992 8.58226551425279
0.9900900900900902 8.59576974852519
0.9910810810810812 8.609276941050558
0.9920720720720722 8.622791271517924
0.9930630630630631 8.6363169196573
0.9940540540540541 8.64985806519881
0.9950450450450451 8.663418888360711
0.9960360360360361 8.677003571258235
0.9970270270270271 8.69061629333366
0.9980180180180181 8.704261232188214
0.9990090090090091 8.717942565471029
1.0 8.731664471010466
