0.01 0.0
0.010990990990990991 0.0
0.011981981981981983 0.0
0.012972972972972972 0.0
0.013963963963963964 0.0
0.014954954954954955 0.0
0.015945945945945946 0.0
0.016936936936936937 0.0
0.01792792792792793 0.0
0.01891891891891892 0.0
0.01990990990990991 0.0
0.020900900900900903 0.0
0.02189189189189189 0.0
0.022882882882882885 0.0
0.023873873873873873 0.0
0.024864864864864868 0.0
0.025855855855855855 0.0
0.02684684684684685 0.0
0.027837837837837838 0.0
0.028828828828828833 0.0
0.02981981981981982 0.0
0.030810810810810815 0.0
0.0318018018018018 0.0
0.0327927927927928 0.0
0.033783783783783786 0.0
0.03477477477477477 0.0
0.03576576576576577 0.0
0.036756756756756756 0.0
0.03774774774774775 0.0
0.03873873873873874 0.0
0.03972972972972973 0.0
0.04072072072072072 0.0
0.041711711711711716 0.0
0.042702702702702704 0.0
0.0436936936936937 0.0
0.044684684684684686 0.0
0.04567567567567568 0.0
0.04666666666666667 0.0
0.047657657657657664 0.0
0.04864864864864865 0.0
0.049639639639639646 0.0
0.050630630630630634 0.0
0.05162162162162163 0.0
0.052612612612612616 0.0
0.05360360360360361 0.0
0.0545945945945946 0.0
0.055585585585585594 0.0
0.05657657657657658 0.0
0.05756756756756757 0.0
0.058558558558558564 0.0
0.05954954954954955 0.0
0.06054054054054055 0.0
0.061531531531531534 0.0
0.06252252252252252 0.0
0.06351351351351352 0.0
0.06450450450450451 0.0
0.06549549549549549 0.0
0.06648648648648649 0.0
0.06747747747747748 0.0
0.06846846846846848 0.0
0.06945945945945946 0.0
0.07045045045045045 0.0
0.07144144144144145 0.0
0.07243243243243244 0.0
0.07342342342342342 0.0
0.07441441441441442 0.0
0.0754054054054054 0.0
0.0763963963963964 0.0
0.07738738738738739 0.0
0.07837837837837838 0.0
0.07936936936936936 0.0
0.08036036036036036 0.0
0.08135135135135135 0.0
0.08234234234234235 0.0
0.08333333333333333 0.0
0.08432432432432432 0.0
0.08531531531531532 0.0
0.08630630630630631 0.0
0.0872972972972973 0.0
0.08828828828828829 0.0
0.08927927927927928 0.0
0.09027027027027026 0.0
0.09126126126126126 0.0
0.09225225225225225 0.0
0.09324324324324325 0.0
0.09423423423423423 0.0
0.09522522522522522 0.0
0.09621621621621622 0.0
0.09720720720720721 0.0
0.0981981981981982 0.0
0.09918918918918919 0.0
0.10018018018018018 0.0
0.10117117117117118 0.0
0.10216216216216216 0.0
0.10315315315315315 0.0
0.10414414414414415 0.0
0.10513513513513513 0.0
0.10612612612612612 0.0
0.10711711711711712 0.0
0.10810810810810811 0.0
0.1090990990990991 0.0
0.11009009009009009 0.0
0.11108108108108108 0.0
0.11207207207207208 0.0
0.11306306306306306 0.0
0.11405405405405405 0.0
0.11504504504504505 0.0
0.11603603603603604 0.0
0.11702702702702703 0.0
0.11801801801801802 0.0
0.11900900900900901 3.929144681768053e-05
0.12000000000000001 0.0001695131747461149
0.12099099099099099 0.00029973490267454743
0.12198198198198199 0.0004299566306029818
0.12297297297297298 0.0005601783585314161
0.12396396396396396 0.0013994069227171691
0.12495495495495496 0.002868855696209872
0.12594594594594596 0.004685544026401794
0.12693693693693694 0.006736294420501639
0.12792792792792793 0.008907929744852076
0.12891891891891893 0.011151279512365915
0.12990990990990992 0.01365967997221269
0.13090090090090092 0.01668389078445294
0.1318918918918919 0.020474671609146896
0.13288288288288289 0.025282677919762568
0.1338738738738739 0.031233758906165136
0.13486486486486488 0.03808703656251457
0.13585585585585588 0.045534616657456096
0.13684684684684686 0.05326860495963416
0.13783783783783785 0.060981107274584175
0.13882882882882885 0.06844057713874668
0.13981981981981983 0.0757136987466646
0.14081081081081082 0.08293996566678698
0.14180180180180182 0.09025887146756288
0.1427927927927928 0.09780990971744077
0.14378378378378381 0.10569119941485242
0.1447747747747748 0.1135885922126262
0.14576576576576578 0.12095132519519322
0.14675675675675678 0.12722582353496747
0.14774774774774777 0.13185851240436242
0.14873873873873875 0.13429893527665454
0.14972972972972975 0.13451164238259403
0.15072072072072074 0.13354564636571525
0.15171171171171174 0.13258718019806803
0.15270270270270273 0.13282247685170234
0.1536936936936937 0.13543776929866794
0.15468468468468471 0.14157553175495502
0.1556756756756757 0.1514142914028315
0.15666666666666668 0.1641916668051993
0.15765765765765768 0.1791061262970238
0.15864864864864867 0.19535613821326897
0.15963963963963965 0.21214017088890014
0.16063063063063066 0.22868648090379282
0.16162162162162164 0.24467523274723652
0.16261261261261264 0.2601382912163717
0.16360360360360363 0.27511678182749727
0.1645945945945946 0.2896518300969134
0.16558558558558562 0.30378456154092015
0.1665765765765766 0.317560458870529
0.16756756756756758 0.33115627734962144
0.16855855855855859 0.3449022240454722
0.16954954954954957 0.35913720990338316
0.17054054054054055 0.37420014586865746
0.17153153153153156 0.39042994288659816
0.17252252252252254 0.40816547064105196
0.17351351351351355 0.427538798259947
0.17450450450450453 0.44799677279700634
0.1754954954954955 0.46884452603834065
0.17648648648648652 0.4893871897700609
0.1774774774774775 0.5089298957782763
0.17846846846846848 0.5267777758490975
0.17945945945945949 0.5422562401460249
0.18045045045045047 0.5553085396661035
0.18144144144144148 0.5665939753153694
0.18243243243243246 0.5768118997637717
0.18342342342342344 0.5866616656812603
0.18441441441441445 0.5968426257377855
0.18540540540540543 0.6080541326032961
0.1863963963963964 0.6209695888853158
0.18738738738738742 0.6358265156158802
0.1883783783783784 0.6525008150616339
0.18936936936936938 0.6708574496851075
0.1903603603603604 0.6907613819488319
0.19135135135135137 0.712077574315336
0.19234234234234238 0.7346709892471516
0.19333333333333336 0.7584046944853122
0.19432432432432434 0.7830787772574924
0.19531531531531535 0.8084171700856575
0.19630630630630633 0.8341392464249584
0.1972972972972973 0.8599643797305484
0.19828828828828832 0.8856119434575805
0.1992792792792793 0.9108013110612059
0.20027027027027028 0.935251855974204
0.2012612612612613 0.9587558287283869
0.20225225225225227 0.9813797317203211
0.20324324324324328 1.0032545577190586
0.20423423423423426 1.024511299493648
0.20522522522522524 1.0452809498131412
0.20621621621621625 1.0656945014465893
0.20720720720720723 1.0858829471630413
0.2081981981981982 1.105977650850283
0.20918918918918922 1.1261328393168886
0.2101801801801802 1.1465384439920663
0.2111711711711712 1.1673874954133052
0.2121621621621622 1.1888730241180918
0.21315315315315317 1.211188060643915
0.21414414414414418 1.2345256355282628
0.21513513513513516 1.2590787793086222
0.21612612612612614 1.285039249606206
0.21711711711711715 1.312530481854457
0.21810810810810813 1.3415744084673498
0.2190990990990991 1.3721847252059114
0.22009009009009012 1.4043751278311687
0.2210810810810811 1.4381593121041467
0.2220720720720721 1.4735509737858725
0.2230630630630631 1.510563808637371
0.22405405405405407 1.5492114841911984
0.22504504504504508 1.5893836298028077
0.22603603603603606 1.63056090560009
0.22702702702702704 1.672139798596152
0.22801801801801805 1.7135167958040989
0.22900900900900903 1.7540883842370347
0.23000000000000004 1.7932510509080661
0.23099099099099102 1.8304012828302971
0.231981981981982 1.8649355670168335
0.232972972972973 1.8962712495083067
0.233963963963964 1.9244178412502013
0.23495495495495497 1.9500471649039413
0.23594594594594598 1.97386598651438
0.23693693693693696 1.9965810721263682
0.23792792792792794 2.0188991877847604
0.23891891891891895 2.0415270995344095
0.23990990990990993 2.0651715734201677
0.24090090090090094 2.090539375486889
0.24189189189189192 2.118304396611197
0.2428828828828829 2.1484712578455234
0.2438738738738739 2.1804202688367322
0.2448648648648649 2.213507869752861
0.24585585585585587 2.247090500761951
0.24684684684684688 2.280524602032044
0.24783783783783786 2.313166613731178
0.24882882882882884 2.3443729760273953
0.24981981981981985 2.3735001290887356
0.2508108108108108 2.399909064735927
0.25180180180180184 2.423445812408297
0.2527927927927928 2.444864996550197
0.2537837837837838 2.4650211158695785
0.2547747747747748 2.484768669074394
0.25576576576576576 2.504962180882189
0.25675675675675674 2.526456133013627
0.2577477477477478 2.5501050151543545
0.25873873873873876 2.5767633260123213
0.25972972972972974 2.607285564295479
0.2607207207207207 2.642456629952593
0.26171171171171176 2.68215677095263
0.26270270270270274 2.725633749896052
0.2636936936936937 2.7721223592762025
0.2646846846846847 2.8208573915864212
0.2656756756756757 2.871073669570386
0.2666666666666667 2.922005955653942
0.2676576576576577 2.972889041378826
0.2686486486486487 3.0229577194238013
0.26963963963963966 3.0714467824676257
0.27063063063063064 3.117639472778993
0.2716216216216216 3.1614036284239924
0.27261261261261266 3.202997402760609
0.27360360360360364 3.2426794072517318
0.2745945945945946 3.2807115834750586
0.2755855855855856 3.317355909289178
0.2765765765765766 3.35287538783803
0.2775675675675676 3.3875365171385905
0.2785585585585586 3.4215962037512306
0.2795495495495496 3.4553164917303856
0.28054054054054056 3.488958061647122
0.28153153153153154 3.5227126006586573
0.2825225225225225 3.556649096980319
0.28351351351351356 3.590822948756487
0.28450450450450454 3.6252894138405773
0.2854954954954955 3.6601041449068807
0.2864864864864865 3.695322406229347
0.2874774774774775 3.7309998124266484
0.2884684684684685 3.7671922508689093
0.2894594594594595 3.803955545703106
0.2904504504504505 3.841345516849597
0.29144144144144146 3.8794169461293215
0.29243243243243244 3.9182036358687453
0.2934234234234235 3.957719833216843
0.29441441441441446 3.9979791002697374
0.29540540540540544 4.038995027733246
0.2963963963963964 4.080781192743819
0.2973873873873874 4.123351078696571
0.2983783783783784 4.166718135893322
0.2993693693693694 4.210895796348199
0.3003603603603604 4.255897489580807
0.3013513513513514 4.3017366451140555
0.30234234234234236 4.348425218637438
0.30333333333333334 4.395893938038973
0.3043243243243244 4.443951595523296
0.30531531531531536 4.492396869129102
0.30630630630630634 4.541028386322086
0.3072972972972973 4.589644801014474
0.3082882882882883 4.638044786709013
0.3092792792792793 4.686027036337265
0.3102702702702703 4.7333902480904
0.3112612612612613 4.77993312017214
0.3122522522522523 4.825454350786231
0.31324324324324326 4.869752639761814
0.31423423423423424 4.9126456782372205
0.3152252252252253 4.9541158325283385
0.31621621621621626 4.994230026399517
0.31720720720720724 5.033055926665269
0.3181981981981982 5.070661218276731
0.3191891891891892 5.10711358681462
0.3201801801801802 5.142480732951239
0.3211711711711712 5.176830386002143
0.3221621621621622 5.210230278552431
0.3231531531531532 5.242748143187092
0.32414414414414416 5.274451711967614
0.32513513513513514 5.305408715224486
0.3261261261261262 5.335695928977877
0.32711711711711716 5.36547956090852
0.32810810810810814 5.394976912226126
0.3290990990990991 5.424405772572919
0.3300900900900901 5.45398399457552
0.3310810810810811 5.4839294448201805
0.3320720720720721 5.514460050828876
0.3330630630630631 5.545793766909239
0.3340540540540541 5.578148606026552
0.33504504504504506 5.611742581043761
0.33603603603603605 5.646793703967501
0.3370270270270271 5.683519986377734
0.33801801801801806 5.722138557674593
0.33900900900900904 5.762719640174513
0.34 5.805023523809257
0.340990990990991 5.848771195774654
0.34198198198198204 5.89368362756591
0.342972972972973 5.939481803163867
0.343963963963964 5.98588670602039
0.344954954954955 6.032619311946842
0.34594594594594597 6.079400590482978
0.34693693693693695 6.125951507556351
0.347927927927928 6.17199301924311
0.34891891891891896 6.2172460796639095
0.34990990990990994 6.2614316429518695
0.3509009009009009 6.3042719650537045
0.3518918918918919 6.3456579749002895
0.35288288288288294 6.3858144206590435
0.3538738738738739 6.425005317603135
0.3548648648648649 6.463494740511589
0.3558558558558559 6.501546786047098
0.35684684684684687 6.539425551192011
0.35783783783783785 6.577395223706502
0.3588288288288289 6.6157202079421955
0.35981981981981986 6.654664945182874
0.36081081081081084 6.694493878201793
0.3618018018018018 6.735471449764116
0.3627927927927928 6.777862100996262
0.36378378378378384 6.821930269405452
0.3647747747747748 6.867891198207431
0.3657657657657658 6.915561664157085
0.3667567567567568 6.964565237955436
0.36774774774774777 7.014524193387217
0.36873873873873875 7.065060789249985
0.3697297297297298 7.115797284536554
0.37072072072072076 7.166355951164841
0.37171171171171175 7.216358990857539
0.3727027027027027 7.2654285366161515
0.3736936936936937 7.313186734149848
0.37468468468468474 7.359255728758584
0.3756756756756757 7.403257662076126
0.3766666666666667 7.444814673780582
0.3776576576576577 7.483548903080293
0.37864864864864867 7.519161620386686
0.37963963963963965 7.5519467826919335
0.3806306306306307 7.582467039468214
0.38162162162162167 7.6112865884881415
0.38261261261261265 7.638969781831173
0.3836036036036036 7.666080974789225
0.3845945945945946 7.693184532014276
0.38558558558558564 7.720845189043292
0.3865765765765766 7.749628281387304
0.3875675675675676 7.78009919803133
0.3885585585585586 7.812823330244516
0.38954954954954957 7.848366080515286
0.39054054054054055 7.887292837650332
0.3915315315315316 7.930168985853795
0.39252252252252257 7.977555683788266
0.39351351351351355 8.029643321565324
0.3945045045045045 8.085967883970007
0.3954954954954955 8.145998599058492
0.39648648648648654 8.209204692269063
0.3974774774774775 8.275055433701965
0.3984684684684685 8.343020094007763
0.3994594594594595 8.41256795447889
0.40045045045045047 8.483168457672665
0.4014414414414415 8.55429117313129
0.4024324324324325 8.625405674027046
0.40342342342342347 8.695981529871199
0.40441441441441445 8.765488315195633
0.40540540540540543 8.833395601892983
0.4063963963963964 8.899172961855887
0.40738738738738745 8.962291195076125
0.4083783783783784 9.022427111941113
0.4093693693693694 9.079692805827575
0.4103603603603604 9.134255525215682
0.41135135135135137 9.186282394389385
0.4123423423423424 9.23594051791609
0.4133333333333334 9.283397000806682
0.41432432432432437 9.328818945208956
0.41531531531531535 9.372373260864332
0.41630630630630633 9.41422654025624
0.4172972972972973 9.454545347414387
0.41828828828828835 9.493496248530597
0.4192792792792793 9.531245809978651
0.4202702702702703 9.567960598132307
0.4212612612612613 9.603807179365354
0.42225225225225227 9.638952120051574
0.4232432432432433 9.673562915690752
0.4242342342342343 9.70782161708648
0.42522522522522527 9.741921841953449
0.42621621621621625 9.776057605750827
0.42720720720720723 9.810423041071312
0.4281981981981982 9.845212312796123
0.42918918918918925 9.880619592298466
0.4301801801801802 9.916839060555509
0.4311711711711712 9.954064990727167
0.4321621621621622 9.992491765533398
0.43315315315315317 10.03231377467056
0.4341441441441442 10.073725407835042
0.4351351351351352 10.116921054723209
0.43612612612612617 10.16209510503142
0.43711711711711715 10.209441948456064
0.43810810810810813 10.259155974693508
0.4390990990990991 10.311428280008993
0.44009009009009015 10.36627683477651
0.44108108108108113 10.42346436797966
0.4420720720720721 10.482732927081397
0.4430630630630631 10.543824043698883
0.44405405405405407 10.606479087946555
0.4450450450450451 10.670439426131857
0.4460360360360361 10.73544642461402
0.44702702702702707 10.801241237445103
0.44801801801801805 10.867564104647728
0.44900900900900903 10.934155020548163
0.45000000000000007 11.000753979469424
0.45099099099099105 11.067100975734562
0.45198198198198203 11.132936003666575
0.452972972972973 11.197999057588511
0.453963963963964 11.2620301318234
0.45495495495495497 11.324769220812472
0.455945945945946 11.385964387401927
0.456936936936937 11.445540371560739
0.45792792792792797 11.503593804790086
0.45891891891891895 11.560228324686342
0.45990990990990993 11.615547102526536
0.46090090090090097 11.669653184332113
0.46189189189189195 11.722649617786168
0.46288288288288293 11.774639451176963
0.4638738738738739 11.825725508443389
0.4648648648648649 11.876009330595037
0.46585585585585587 11.925592003369793
0.4668468468468469 11.974574611965494
0.4678378378378379 12.023058241579955
0.46882882882882887 12.07114397741099
0.46981981981981985 12.11893290465645
0.47081081081081083 12.16652610900334
0.47180180180180187 12.214024678793457
0.47279279279279285 12.261529703245843
0.47378378378378383 12.30913307605304
0.4747747747747748 12.356891313055481
0.4757657657657658 12.404852487401163
0.47675675675675677 12.453064770892025
0.4777477477477478 12.5015764288583
0.4787387387387388 12.550435732960818
0.47972972972972977 12.599690954860415
0.48072072072072075 12.649390366494812
0.48171171171171173 12.699582382713297
0.48270270270270277 12.750315794292495
0.48369369369369375 12.801639453086894
0.48468468468468473 12.853602210950964
0.4856756756756757 12.906252919739172
0.4866666666666667 12.959640431300228
0.4876576576576577 13.013813597330223
0.4886486486486487 13.068821269360594
0.4896396396396397 13.124712299347733
0.49063063063063067 13.18153555244059
0.49162162162162165 13.23932296896281
0.49261261261261263 13.298002666047456
0.49360360360360367 13.357463448666177
0.49459459459459465 13.417594065419983
0.49558558558558563 13.478283303287967
0.4965765765765766 13.539419955220401
0.4975675675675676 13.600892814167587
0.49855855855855863 13.66259067307981
0.4995495495495496 13.724402349147528
0.5005405405405405 13.786216888252609
0.5015315315315315 13.847923461983296
0.5025225225225225 13.909411243229137
0.5035135135135135 13.970569404760568
0.5045045045045046 14.03128711614342
0.5054954954954956 14.091453543457396
0.5064864864864865 14.15095785223441
0.5074774774774775 14.209689202012992
0.5084684684684685 14.267536747491043
0.5094594594594595 14.324389643292491
0.5104504504504505 14.380171725285242
0.5114414414414414 14.434941644775945
0.5124324324324325 14.488790929274446
0.5134234234234235 14.541811229468934
0.5144144144144145 14.594094214360734
0.5154054054054055 14.645731570572083
0.5163963963963965 14.696814984725219
0.5173873873873874 14.747436143442396
0.5183783783783784 14.797686731550948
0.5193693693693694 14.847658408446783
0.5203603603603604 14.897442814652996
0.5213513513513514 14.947131590980987
0.5223423423423423 14.996816382476728
0.5233333333333334 15.046588835695077
0.5243243243243244 15.09654059513793
0.5253153153153154 15.146763300095586
0.5263063063063064 15.197348589043724
0.5272972972972974 15.248388100289045
0.5282882882882883 15.299973471759117
0.5292792792792793 15.352194301789478
0.5302702702702703 15.405081155252509
0.5312612612612613 15.45859792523878
0.5322522522522523 15.512704958634146
0.5332432432432432 15.567362703537015
0.5342342342342343 15.622531686088784
0.5352252252252253 15.678172434505242
0.5362162162162163 15.734245477002165
0.5372072072072073 15.790711341795346
0.5381981981981983 15.84753059914465
0.5391891891891892 15.904664155726113
0.5401801801801802 15.96207307640092
0.5411711711711712 16.01971842487014
0.5421621621621622 16.07756126382653
0.5431531531531532 16.13556265324361
0.5441441441441441 16.193683652625367
0.5451351351351352 16.25188532172148
0.5461261261261262 16.31012872104464
0.5471171171171172 16.368374911255273
0.5481081081081082 16.426584953013798
0.5490990990990992 16.48471993700931
0.5500900900900901 16.542756936656435
0.5510810810810811 16.600715267062945
0.5520720720720721 16.658621179742575
0.5530630630630631 16.716500974168497
0.5540540540540541 16.774380946387513
0.555045045045045 16.832287391399774
0.5560360360360361 16.89024660420545
0.5570270270270271 16.948284879804664
0.5580180180180181 17.006428514899582
0.5590090090090091 17.064703763640647
0.56 17.12313675407877
0.560990990990991 17.181753609645106
0.561981981981982 17.240580459372314
0.562972972972973 17.299643432580126
0.563963963963964 17.358968659303464
0.564954954954955 17.41858227064873
0.5659459459459459 17.478510397810293
0.566936936936937 17.53877917198251
0.567927927927928 17.599414724359757
0.568918918918919 17.660443186136398
0.56990990990991 17.721890684380252
0.570900900900901 17.78376108977555
0.5718918918918919 17.845983963410198
0.5728828828828829 17.908473407572174
0.5738738738738739 17.97114362062611
0.5748648648648649 18.033908882532142
0.5758558558558559 18.096683491443017
0.576846846846847 18.159381745487902
0.5778378378378379 18.22191794175861
0.5788288288288289 18.284206375931326
0.5798198198198199 18.346161370251817
0.5808108108108109 18.407697440266443
0.5818018018018019 18.468729185575857
0.5827927927927928 18.52917120607876
0.5837837837837838 18.588938101852484
0.5847747747747748 18.647944473023067
0.5857657657657658 18.706104919716502
0.5867567567567568 18.76333404205883
0.5877477477477479 18.81954644017605
0.5887387387387388 18.874656714194188
0.5897297297297298 18.928579464239224
0.5907207207207208 18.981229290437213
0.5917117117117118 19.03252098196647
0.5927027027027028 19.082427265061483
0.5936936936936937 19.131060248851966
0.5946846846846847 19.17855257025899
0.5956756756756757 19.225036834147083
0.5966666666666667 19.270645590289806
0.5976576576576577 19.31551137625322
0.5986486486486488 19.359766731352668
0.5996396396396397 19.4035441915846
0.6006306306306307 19.44697628609106
0.6016216216216217 19.490195543751682
0.6026126126126127 19.533334412579283
0.6036036036036037 19.57652528412469
0.6045945945945946 19.61990055175348
0.6055855855855856 19.663592608831063
0.6065765765765766 19.707733848722953
0.6075675675675676 19.75245666479453
0.6085585585585586 19.797893450411326
0.6095495495495497 19.844176598938795
0.6105405405405406 19.89143850374233
0.6115315315315316 19.939811558187454
0.6125225225225226 19.989428155639594
0.6135135135135136 20.040420689464217
0.6145045045045046 20.09291755979398
0.6154954954954955 20.14693468195159
0.6164864864864865 20.20236266321605
0.6174774774774775 20.25908559519245
0.6184684684684685 20.316987719919048
0.6194594594594595 20.375953351934083
0.6204504504504506 20.435866829418078
0.6214414414414415 20.49661249223221
0.6224324324324325 20.558074680280015
0.6234234234234235 20.620137734673467
0.6244144144144145 20.682686004537032
0.6254054054054055 20.745603932681068
0.6263963963963964 20.808776036041323
0.6273873873873874 20.872086833330354
0.6283783783783784 20.9354208432607
0.6293693693693694 20.99866258454488
0.6303603603603604 21.061696575895418
0.6313513513513515 21.12440733602489
0.6323423423423424 21.18667938364578
0.6333333333333334 21.24839723747064
0.6343243243243244 21.309445416212018
0.6353153153153154 21.36970843858242
0.6363063063063064 21.42907082329439
0.6372972972972973 21.48741708906045
0.6382882882882883 21.544652986194762
0.6392792792792793 21.600807799813662
0.6402702702702703 21.65595537699633
0.6412612612612613 21.710169596167596
0.6422522522522524 21.763524290361307
0.6432432432432433 21.816093284953297
0.6442342342342343 21.867950408703994
0.6452252252252253 21.919169487791503
0.6462162162162163 21.969824347208174
0.6472072072072073 22.019988811940173
0.6481981981981982 22.069736705014442
0.6491891891891892 22.11914182808513
0.6501801801801802 22.168277969655623
0.6511711711711712 22.217218918037194
0.6521621621621622 22.266038461540997
0.6531531531531533 22.314810388478286
0.6541441441441442 22.363608487160242
0.6551351351351352 22.4125065458981
0.6561261261261262 22.461578353003034
0.6571171171171172 22.5108976967863
0.6581081081081082 22.560538365559093
0.6590990990990991 22.610574147632622
0.6600900900900901 22.661078831318093
0.6610810810810811 22.712126204900446
0.6620720720720721 22.763788584071815
0.6630630630630631 22.816079560720052
0.6640540540540542 22.868935563927845
0.6650450450450451 22.922287772470682
0.6660360360360361 22.97606732555446
0.6670270270270271 23.03020534311384
0.6680180180180181 23.084632947090473
0.6690090090090091 23.139281259450268
0.67 23.194081402159025
0.670990990990991 23.24896449718263
0.671981981981982 23.30386166648692
0.672972972972973 23.35870404726189
0.6739639639639641 23.413422866755244
0.674954954954955 23.467949385208588
0.675945945945946 23.522214862913195
0.676936936936937 23.576150560160347
0.677927927927928 23.629687737241305
0.678918918918919 23.68275765444739
0.67990990990991 23.735291572069897
0.6809009009009009 23.78722075040006
0.6818918918918919 23.838476449729225
0.6828828828828829 23.888989930348647
0.6838738738738739 23.93869245255612
0.684864864864865 23.98751527681056
0.685855855855856 24.03538966062232
0.6868468468468469 24.082246857739282
0.6878378378378379 24.128040453782567
0.6888288288288289 24.17281699106804
0.6898198198198199 24.216647188841247
0.6908108108108109 24.259601813579792
0.6918018018018018 24.3017518142955
0.6927927927927928 24.343168210716122
0.6937837837837838 24.38392202564979
0.6947747747747748 24.42408428190461
0.6957657657657659 24.463726002288723
0.6967567567567569 24.50291820961021
0.6977477477477478 24.541731926663847
0.6987387387387388 24.58023816214097
0.6997297297297298 24.618507883881335
0.7007207207207208 24.656612052370768
0.7017117117117118 24.694621628095078
0.7027027027027027 24.73260757154003
0.7036936936936937 24.770640843191412
0.7046846846846847 24.808792403535055
0.7056756756756757 24.847133213056722
0.7066666666666668 24.885734232242196
0.7076576576576578 24.92466642157352
0.7086486486486487 24.96400074020644
0.7096396396396397 25.003808139539615
0.7106306306306307 25.044159568037955
0.7116216216216217 25.085125974160544
0.7126126126126127 25.126778306889005
0.7136036036036036 25.169183350717784
0.7145945945945946 25.212347739534803
0.7155855855855856 25.256232898182276
0.7165765765765766 25.30079914551307
0.7175675675675677 25.34600668443633
0.7185585585585587 25.39181559599381
0.7195495495495496 25.438185955440126
0.7205405405405406 25.485077838029948
0.7215315315315316 25.53245131901789
0.7225225225225226 25.58026647365863
0.7235135135135136 25.628483377206763
0.7245045045045045 25.67706210569625
0.7254954954954955 25.725962769819535
0.7264864864864865 25.775145527991715
0.7274774774774775 25.824570542104194
0.7284684684684686 25.87419797404838
0.7294594594594596 25.923987985715687
0.7304504504504505 25.973900738997482
0.7314414414414415 26.023896395785187
0.7324324324324325 26.073935118457964
0.7334234234234235 26.12397707696193
0.7344144144144145 26.173982448068458
0.7354054054054054 26.223911408845243
0.7363963963963964 26.2737241362381
0.7373873873873874 26.323380804649833
0.7383783783783784 26.372841586076323
0.7393693693693695 26.42206665241886
0.7403603603603605 26.471016284763582
0.7413513513513514 26.519666600199145
0.7423423423423424 26.568025995409894
0.7433333333333334 26.61610679769346
0.7443243243243244 26.663921351896782
0.7453153153153154 26.711482119674358
0.7463063063063063 26.758801615864108
0.7472972972972973 26.805892356229755
0.7482882882882883 26.852766856535
0.7492792792792793 26.899437632543577
0.7502702702702704 26.945917200019245
0.7512612612612614 26.992218074725677
0.7522522522522523 27.038352774008935
0.7532432432432433 27.084333836459397
0.7542342342342343 27.130173815860545
0.7552252252252253 27.175885266325132
0.7562162162162163 27.221480741965923
0.7572072072072072 27.266972796961063
0.7581981981981982 27.31237399297526
0.7591891891891892 27.357696905919973
0.7601801801801802 27.402954113296747
0.7611711711711713 27.44815819261133
0.7621621621621623 27.493321722503016
0.7631531531531532 27.538457284265487
0.7641441441441442 27.583577459571806
0.7651351351351352 27.62869483009504
0.7661261261261262 27.673821977508233
0.7671171171171172 27.718971483484466
0.7681081081081081 27.764155929696795
0.7690990990990991 27.80938548502032
0.7700900900900901 27.85465284614886
0.7710810810810811 27.89994301734017
0.7720720720720722 27.945240969374623
0.7730630630630632 27.990531652195255
0.7740540540540541 28.035799976799037
0.7750450450450451 28.081030853578337
0.7760360360360361 28.126209192955223
0.7770270270270271 28.171319905351726
0.7780180180180181 28.216347901189877
0.779009009009009 28.261278090891714
0.78 28.30609538487927
0.780990990990991 28.3507846877647
0.7819819819819821 28.395330864937797
0.7829729729729731 28.439718765556073
0.7839639639639641 28.48393323519236
0.784954954954955 28.527959110331725
0.785945945945946 28.571781225975997
0.786936936936937 28.615384417126137
0.787927927927928 28.658753518258514
0.788918918918919 28.701873361599144
0.78990990990991 28.744728778770906
0.7909009009009009 28.787304601396603
0.7918918918918919 28.82958566109906
0.792882882882883 28.871556789501106
0.793873873873874 28.913202818225578
0.794864864864865 28.95450857889528
0.7958558558558559 28.99545890313307
0.7968468468468469 29.036038622561755
0.7978378378378379 29.076232755284863
0.7988288288288289 29.11604068402321
0.7998198198198199 29.155486104718747
0.8008108108108108 29.194595063930414
0.8018018018018018 29.233393608812616
0.8027927927927928 29.271907830346223
0.8037837837837839 29.310163900485684
0.8047747747747749 29.348188000625722
0.8057657657657659 29.386006312161108
0.8067567567567568 29.4236450164866
0.8077477477477478 29.46113029499692
0.8087387387387388 29.49848832908688
0.8097297297297298 29.53574530015217
0.8107207207207208 29.572927414208834
0.8117117117117117 29.610060996684968
0.8127027027027027 29.64717241105195
0.8136936936936937 29.684288021021935
0.8146846846846848 29.721434190790983
0.8156756756756758 29.758637287315203
0.8166666666666668 29.795923678527835
0.8176576576576577 29.833319732363265
0.8186486486486487 29.870851816755927
0.8196396396396397 29.908546299640168
0.8206306306306307 29.946429548950416
0.8216216216216217 29.984527932621038
0.8226126126126126 30.02286781858644
0.8236036036036036 30.061475574781007
0.8245945945945946 30.100377569139134
0.8255855855855857 30.139600169595205
0.8265765765765767 30.179169744083637
0.8275675675675677 30.219112660538784
0.8285585585585586 30.259452271655668
0.8295495495495496 30.300177872699308
0.8305405405405406 30.341257249694138
0.8315315315315316 30.382657850428714
0.8325225225225226 30.424347123386628
0.8335135135135135 30.46629254320345
0.8345045045045045 30.50846161770639
0.8354954954954955 30.550821856843974
0.8364864864864866 30.593340770564776
0.8374774774774776 30.63598586882141
0.8384684684684686 30.678724661944436
0.8394594594594595 30.721524659770587
0.8404504504504505 30.76435336778186
0.8414414414414415 30.807178271421286
0.8424324324324325 30.84996675297817
0.8434234234234235 30.89268615834597
0.8444144144144144 30.935303832738455
0.8454054054054054 30.977787121368223
0.8463963963963964 31.020103369447778
0.8473873873873875 31.06221992218974
0.8483783783783785 31.104104124806632
0.8493693693693695 31.145723322511053
0.8503603603603604 31.18704486051554
0.8513513513513514 31.228036084032674
0.8523423423423424 31.268664338274995
0.8533333333333334 31.308896968455105
0.8543243243243244 31.348701319785533
0.8553153153153153 31.388044737478864
0.8563063063063063 31.42689456674765
0.8572972972972973 31.46521815280446
0.8582882882882884 31.502982840861876
0.8592792792792794 31.54015597613242
0.8602702702702704 31.57671246687527
0.8612612612612613 31.612670956321512
0.8622522522522523 31.648065772566298
0.8632432432432433 31.68293126389205
0.8642342342342343 31.71730177412385
0.8652252252252253 31.75121154049332
0.8662162162162163 31.784694691748193
0.8672072072072072 31.81778535335619
0.8681981981981982 31.85051765308736
0.8691891891891893 31.882925723101295
0.8701801801801803 31.915043697983965
0.8711711711711713 31.946905711473153
0.8721621621621622 31.978545892254953
0.8731531531531532 32.00999837693269
0.8741441441441442 32.041297402687114
0.8751351351351352 32.072477266123094
0.8761261261261262 32.10357226461683
0.8771171171171172 32.134616695544615
0.8781081081081081 32.16564485628268
0.8790990990990992 32.19669104420731
0.8800900900900902 32.227789556694745
0.8810810810810812 32.258974691121225
0.8820720720720722 32.29028074486302
0.8830630630630631 32.321742015296394
0.8840540540540541 32.35339279979759
0.8850450450450451 32.38526739574287
0.8860360360360361 32.41740010050849
0.8870270270270271 32.4498252114707
0.888018018018018 32.48257702600576
0.889009009009009 32.51568984148993
0.8900000000000001 32.54919795529946
0.8909909909909911 32.58313566481061
0.8919819819819821 32.617537267399626
0.8929729729729731 32.65243074714337
0.893963963963964 32.68780674213304
0.894954954954955 32.72364220823786
0.895945945945946 32.759914080866636
0.896936936936937 32.7965992978293
0.897927927927928 32.833674809949386
0.898918918918919 32.87111758679184
0.8999099099099099 32.90890459737295
0.900900900900901 32.94701281049295
0.901891891891892 32.98541919506201
0.902882882882883 33.024100720026475
0.903873873873874 33.063034354332615
0.904864864864865 33.10219706692674
0.9058558558558559 33.14156582642732
0.9068468468468469 33.18111756481624
0.9078378378378379 33.22082914450071
0.9088288288288289 33.26067742011013
0.9098198198198199 33.300639246273974
0.9108108108108108 33.34069147762165
0.9118018018018019 33.380810968782605
0.9127927927927929 33.42097457438629
0.9137837837837839 33.46115914906216
0.9147747747747749 33.50134154743961
0.9157657657657658 33.54149862414814
0.9167567567567568 33.58160723381713
0.9177477477477478 33.62164423107605
0.9187387387387388 33.66158647055435
0.9197297297297298 33.70141080688144
0.9207207207207208 33.741094094686794
0.9217117117117117 33.780613188599816
0.9227027027027028 33.81994494324999
0.9236936936936938 33.85906621326672
0.9246846846846848 33.89795385327946
0.9256756756756758 33.93658471791764
0.9266666666666667 33.97493689669574
0.9276576576576577 34.01300609621085
0.9286486486486487 34.050801157356666
0.9296396396396397 34.0883312358488
0.9306306306306307 34.12560549039796
0.9316216216216217 34.16263306401431
0.9326126126126126 34.199423012272305
0.9336036036036037 34.23598435521039
0.9345945945945947 34.272326112110115
0.9355855855855857 34.30845730225306
0.9365765765765767 34.34438694492084
0.9375675675675677 34.380124059395
0.9385585585585586 34.41567766495714
0.9395495495495496 34.45105678088884
0.9405405405405406 34.486270429141825
0.9415315315315316 34.52132767761045
0.9425225225225226 34.55623763289366
0.9435135135135135 34.5910094027995
0.9445045045045046 34.62565209513597
0.9454954954954956 34.660174817711145
0.9464864864864866 34.69458667833309
0.9474774774774776 34.728896784809805
0.9484684684684686 34.763114244949406
0.9494594594594595 34.79724816655992
0.9504504504504505 34.83130765744937
0.9514414414414415 34.86530182542583
0.9524324324324325 34.89923977829733
0.9534234234234235 34.93313062387193
0.9544144144144144 34.966983469957675
0.9554054054054055 35.00080742436264
0.9563963963963965 35.034611594894834
0.9573873873873875 35.06840508936232
0.9583783783783785 35.10219701557936
0.9593693693693695 35.135996481401136
0.9603603603603604 35.16981259469941
0.9613513513513514 35.20365446300182
0.9623423423423424 35.237529084132625
0.9633333333333334 35.271436233871285
0.9643243243243244 35.30537414661166
0.9653153153153153 35.339341058089076
0.9663063063063064 35.37333520388497
0.9672972972972974 35.40735479640639
0.9682882882882884 35.44139800970338
0.9692792792792794 35.475463022120344
0.9702702702702704 35.50954801244589
0.9712612612612613 35.54365115946866
0.9722522522522523 35.5777706419773
0.9732432432432433 35.611904638760436
0.9742342342342343 35.6460513286067
0.9752252252252253 35.68020889030476
0.9762162162162163 35.71437550160822
0.9772072072072073 35.748549320498675
0.9781981981981983 35.782728487196366
0.9791891891891893 35.81691114129015
0.9801801801801803 35.85109542236887
0.9811711711711713 35.885279470021366
0.9821621621621622 35.919461423836516
0.9831531531531532 35.95363942340312
0.9841441441441442 35.987811608310025
0.9851351351351352 36.02197611814611
0.9861261261261262 36.056131092500195
0.9871171171171172 36.090274670961136
0.9881081081081082 36.12440499311778
0.9890990990990992 36.15852019855897
0.9900900900900902 36.192618426873544
0.9910810810810812 36.22669781862151
0.9920720720720722 36.260756520712626
0.9930630630630631 36.29479268260803
0.9940540540540541 36.32880445377593
0.9950450450450451 36.36278998417256
0.9960360360360361 36.396747425188764
0.9970270270270271 36.43067492112714
0.9980180180180181 36.464570612402234
0.9990090090090091 36.498432858708945
1.0 36.532260601222305
